-103.7
-108.5
-110.5
-111.6
-109.1
-99.9
-81.9
-52.4
-14.3
27.0
70.5
114.7
154.0
184.2
198.7
191.1
165.0
127.1
81.1
31.4
-17.5
-62.7
-97.7
-116.4
-120.7
-114.7
-101.4
-84.8
-66.6
-46.8
-28.3
-13.8
-2.9
5.0
11.0
16.6
21.7
25.6
28.4
30.2
31.0
30.7
29.9
28.6
26.4
22.4
16.2
7.5
-3.2
-14.1
-25.6
-37.8
-48.4
-54.9
-55.1
-46.3
-30.3
-10.7
11.7
35.7
57.8
75.2
83.7
79.0
63.6
41.8
15.5
-12.6
-39.2
-62.0
-76.4
-78.1
-68.9
-53.0
-32.4
-10.3
11.2
30.7
44.9
50.3
48.1
40.9
30.5
19.2
7.9
-3.2
-12.5
-18.3
-21.1
-21.4
-20.3
-19.0
-17.2
-14.6
-11.2
-7.1
-2.5
2.1
6.8
11.5
15.9
19.2
21.0
20.6
18.2
14.5
9.7
4.3
-1.3
-6.8
-11.8
-15.9
-18.9
-20.8
-21.5
-20.6
-18.9
-17.0
-15.1
-13.2
-11.7
-10.0
-9.2
-10.3
-11.3
-9.6
-3.6
8.2
24.7
42.1
61.3
83.0
101.5
111.5
107.5
83.8
44.4
-2.1
-54.3
-109.8
-159.7
-196.6
-210.0
-189.3
-140.8
-77.1
-2.8
75.3
147.6
207.6
242.4
239.0
204.0
149.0
81.1
9.5
-59.5
-123.1
-171.1
-194.0
-194.8
-179.4
-153.6
-125.0
-94.0
-58.9
-22.6
12.4
45.2
73.9
100.5
127.0
149.4
163.4
165.2
150.6
122.6
86.8
45.2
0.4
-42.9
-81.7
-109.8
-121.6
-119.2
-107.0
-87.7
-65.2
-41.5
-17.5
3.5
18.2
27.2
31.7
33.2
33.3
32.3
30.1
27.3
24.3
21.3
18.1
14.9
12.0
8.6
3.6
-3.3
-12.9
-24.4
-35.8
-47.4
-59.5
-69.0
-73.5
-69.9
-55.2
-31.7
-4.0
26.8
58.9
88.0
111.0
122.7
117.9
99.4
72.4
39.7
4.8
-28.9
-59.2
-81.0
-89.4
-86.3
-75.3
-59.1
-41.0
-22.6
-4.1
11.8
22.6
28.7
31.2
31.5
31.2
30.3
27.6
23.5
18.0
11.4
4.4
-3.1
-11.3
-19.1
-25.8
-30.2
-31.4
-29.8
-26.2
-21.0
-14.5
-7.6
-1.0
4.6
8.1
9.8
10.4
9.9
8.4
6.8
5.9
6.7
10.2
15.7
21.7
28.2
35.0
40.4
42.9
40.4
31.0
16.2
-1.2
-20.1
-39.3
-56.4
-69.9
-76.6
-73.3
-62.0
-45.6
-26.2
-6.5
12.3
30.2
44.4
52.7
55.8
54.7
51.5
49.1
45.7
38.5
27.3
11.0
-9.0
-29.5
-51.6
-76.2
-97.9
-111.3
-111.2
-92.2
-57.9
-16.3
31.6
83.5
131.0
167.1
182.2
166.4
125.4
70.5
5.2
-64.8
-130.0
-183.4
-212.9
-206.5
-170.3
-116.1
-49.4
22.1
90.1
149.0
187.4
193.7
173.1
135.1
85.3
31.1
-21.7
-69.8
-104.6
-117.9
-112.5
-94.9
-68.8
-39.7
-10.9
15.7
35.1
42.0
38.5
28.3
13.5
-3.0
-18.3
-31.0
-37.5
-34.1
-22.7
-6.9
12.0
32.1
50.2
63.8
69.0
61.8
44.4
21.6
-5.2
-33.5
-59.5
-80.3
-90.9
-86.4
-69.5
-45.1
-15.5
16.1
46.0
71.7
88.4
91.2
82.2
65.4
43.3
19.0
-5.0
-27.0
-43.3
-50.2
-49.0
-42.5
-32.3
-20.5
-8.8
1.7
8.6
9.5
5.4
-1.5
-10.3
-19.5
-27.4
-33.2
-34.6
-29.4
-19.0
-5.7
9.4
24.9
38.9
50.4
57.0
56.4
49.8
39.3
26.2
12.1
-1.7
-14.7
-25.0
-30.8
-32.7
-31.7
-28.7
-25.0
-20.7
-15.8
-10.9
-6.4
-2.4
0.9
3.9
6.7
9.2
11.2
12.5
12.6
11.9
10.6
9.1
8.0
6.7
4.8
2.3
-0.8
-4.4
-7.8
-11.9
-17.1
-21.8
-24.1
-22.7
-16.2
-5.6
6.7
20.9
37.3
52.1
61.7
62.7
51.1
29.5
3.0
-27.6
-61.0
-91.3
-113.7
-121.5
-108.1
-77.5
-37.7
9.0
58.9
105.0
141.8
160.5
152.2
121.7
78.2
25.8
-29.8
-81.9
-126.5
-154.3
-156.4
-136.9
-103.6
-61.3
-16.5
26.9
67.1
97.6
112.1
112.7
103.2
87.3
69.7
51.0
30.3
9.6
-9.1
-25.7
-39.6
-52.3
-65.3
-76.6
-83.5
-84.4
-77.3
-63.7
-46.2
-25.3
-1.7
21.5
41.6
55.1
58.4
53.1
42.8
28.1
10.4
-6.8
-20.9
-27.8
-23.5
-10.2
7.7
29.1
52.1
72.5
87.0
90.5
77.8
52.1
19.3
-18.2
-57.2
-92.9
-121.7
-137.2
-132.9
-112.3
-81.5
-44.0
-4.2
33.9
68.1
92.4
101.1
96.6
82.8
63.1
41.7
19.9
-1.9
-20.7
-33.7
-41.3
-44.5
-45.0
-45.0
-43.8
-40.2
-33.9
-24.9
-13.7
-1.7
10.9
24.1
36.3
46.3
52.5
52.9
48.6
40.9
30.9
19.8
8.4
-3.0
-13.1
-20.7
-26.0
-29.3
-31.0
-32.0
-32.1
-30.8
-28.1
-24.0
-18.7
-12.8
-6.7
-0.6
5.1
10.7
15.6
19.3
22.0
23.6
24.8
26.5
27.5
26.4
22.6
15.1
4.8
-6.4
-19.0
-33.3
-46.2
-54.8
-56.0
-46.6
-28.9
-7.1
18.0
45.3
70.0
88.2
94.3
82.6
56.6
23.0
-15.8
-56.3
-93.1
-122.8
-138.0
-131.9
-108.0
-73.4
-32.0
10.7
51.2
88.1
115.4
127.6
126.7
115.9
99.2
81.7
62.8
40.3
15.6
-10.7
-37.2
-61.4
-84.9
-109.3
-129.7
-141.3
-139.5
-119.4
-84.5
-42.1
5.9
56.7
103.8
142.4
164.3
161.6
138.4
102.3
57.3
9.1
-37.7
-80.4
-112.0
-125.8
-124.0
-111.2
-90.9
-67.9
-43.7
-18.5
4.5
22.3
35.4
44.3
50.5
55.4
59.0
60.7
60.5
58.4
54.7
49.5
43.2
36.4
28.4
18.6
7.0
-6.9
-22.1
-37.1
-51.9
-66.7
-79.0
-86.6
-87.1
-78.0
-61.0
-39.6
-14.9
11.7
37.0
58.5
72.2
74.3
66.5
52.6
34.2
13.5
-6.7
-24.8
-37.0
-39.9
-34.9
-25.0
-11.7
2.8
16.5
28.4
35.7
35.6
29.4
19.4
7.0
-6.3
-18.7
-29.2
-35.7
-36.0
-31.0
-22.7
-12.1
-0.6
10.4
19.9
26.0
26.8
23.1
16.6
8.1
-1.3
-10.2
-17.7
-22.0
-21.4
-16.7
-9.6
-0.8
9.0
18.1
25.4
29.0
27.0
20.5
11.3
0.1
-12.6
-24.5
-33.8
-38.5
-36.2
-28.1
-16.7
-2.3
14.2
29.8
41.9
47.3
42.9
30.3
13.4
-7.6
-31.8
-54.3
-70.9
-76.8
-66.8
-43.7
-14.0
21.5
61.5
98.4
125.5
134.9
118.3
80.4
31.6
-26.0
-88.9
-146.4
-190.1
-207.6
-186.5
-134.0
-64.5
17.4
104.7
185.1
249.4
282.0
267.4
213.8
137.2
44.8
-53.3
-145.6
-225.2
-276.5
-284.2
-255.1
-202.1
-133.2
-58.8
13.9
81.8
133.8
159.3
161.8
148.1
123.7
96.0
67.3
37.2
10.2
-9.4
-22.3
-29.8
-34.2
-38.3
-41.6
-42.8
-41.8
-38.7
-33.8
-27.7
-20.6
-12.5
-3.7
5.1
13.4
20.6
26.5
30.9
34.1
36.4
37.2
35.9
31.9
24.4
14.3
2.9
-9.2
-21.2
-32.3
-42.0
-48.9
-52.1
-51.7
-48.6
-43.5
-37.9
-31.2
-22.8
-12.7
-0.9
12.0
24.7
37.4
49.9
60.7
68.1
70.1
64.7
53.4
38.5
20.9
2.0
-16.3
-32.6
-44.2
-48.7
-47.1
-41.4
-32.8
-23.0
-13.0
-3.3
4.4
8.2
8.9
7.4
4.8
2.3
0.1
-2.4
-4.3
-5.2
-5.3
-4.6
-3.8
-3.9
-4.0
-3.2
-1.1
3.0
8.5
14.2
20.6
27.9
34.2
37.7
36.6
28.9
16.1
0.8
-16.5
-35.2
-52.2
-64.9
-69.8
-63.4
-47.8
-27.1
-2.7
23.7
48.2
68.3
79.2
76.3
62.2
41.4
16.1
-10.9
-36.1
-57.8
-71.1
-71.6
-61.4
-44.5
-23.7
-2.3
17.8
36.5
50.4
56.5
55.8
50.1
41.9
34.3
26.2
15.7
3.0
-12.1
-28.7
-44.4
-60.4
-78.1
-93.0
-100.7
-97.2
-78.0
-46.4
-8.8
33.7
79.3
121.0
153.0
167.3
155.9
123.1
78.1
24.1
-34.5
-89.8
-136.1
-163.6
-162.6
-137.7
-98.3
-48.5
6.1
58.3
103.3
131.6
134.1
114.9
82.4
40.3
-5.9
-50.0
-87.7
-110.9
-111.4
-92.9
-63.1
-25.1
16.4
55.4
87.8
105.9
102.2
80.4
48.1
8.4
-34.3
-74.0
-106.4
-123.7
-118.2
-93.8
-58.3
-15.2
30.6
73.3
109.3
130.8
130.0
110.7
79.9
41.5
0.7
-38.1
-72.6
-96.3
-103.0
-95.2
-77.7
-54.0
-28.5
-3.4
20.8
40.3
51.7
55.8
54.5
49.6
43.9
37.3
29.0
19.8
10.1
0.4
-8.7
-17.7
-26.8
-35.2
-41.9
-45.8
-45.9
-42.7
-37.3
-29.9
-21.3
-12.2
-3.0
5.4
12.2
17.3
21.0
23.5
24.8
25.4
25.6
25.5
25.5
25.6
25.2
24.7
24.5
23.5
20.8
15.4
6.4
-5.3
-17.6
-30.6
-43.9
-55.2
-62.7
-64.0
-56.4
-41.8
-23.3
-2.3
19.3
39.2
56.2
66.6
67.2
59.8
47.1
31.5
16.0
1.1
-14.2
-27.7
-37.6
-44.5
-48.2
-51.0
-55.8
-59.3
-57.3
-47.9
-28.7
-1.9
27.3
59.7
95.9
128.1
148.9
150.6
124.9
77.2
18.7
-48.3
-120.6
-186.5
-236.6
-257.4
-235.2
-178.0
-101.0
-10.0
87.1
177.7
252.8
296.1
291.4
246.6
177.3
91.3
-0.9
-88.9
-166.8
-220.0
-234.2
-215.3
-174.6
-119.6
-60.0
-1.5
53.8
96.8
118.7
122.1
112.3
94.1
73.7
52.3
29.4
8.2
-8.5
-20.9
-29.6
-36.2
-42.6
-48.2
-51.7
-52.8
-51.1
-47.0
-41.2
-33.8
-25.3
-15.9
-5.9
4.2
13.8
22.7
30.4
37.1
43.0
47.3
49.5
48.8
44.4
37.0
27.8
17.5
6.9
-3.4
-13.3
-21.9
-28.3
-32.7
-35.0
-36.3
-37.4
-37.5
-35.1
-29.7
-20.6
-8.6
4.3
18.3
33.2
46.6
56.1
59.1
52.9
39.1
21.2
0.1
-22.5
-43.8
-61.2
-70.9
-69.1
-57.7
-40.5
-19.3
3.6
25.5
44.6
57.1
59.3
52.8
40.8
25.3
8.7
-7.2
-21.7
-31.7
-34.7
-31.6
-24.7
-15.6
-6.5
2.1
10.5
17.4
21.5
23.1
22.6
21.3
20.7
19.7
16.6
10.9
1.6
-10.4
-22.7
-35.9
-50.0
-62.2
-69.7
-69.3
-57.7
-37.1
-12.2
16.0
45.5
72.4
93.9
104.9
100.4
83.1
58.1
28.2
-3.1
-32.8
-59.5
-78.3
-84.8
-80.8
-69.6
-54.2
-38.7
-23.0
-5.9
10.7
25.5
38.2
48.2
57.4
68.6
77.8
80.5
73.8
54.4
25.0
-8.5
-46.1
-87.6
-125.2
-151.8
-159.4
-139.4
-97.0
-43.0
20.1
88.4
151.4
201.0
224.9
210.6
164.9
101.2
24.5
-57.8
-135.0
-199.6
-237.6
-235.2
-199.1
-142.4
-71.5
4.9
77.6
141.5
184.0
193.0
173.6
135.9
85.9
31.4
-21.5
-69.9
-105.0
-118.5
-113.2
-95.5
-69.1
-39.5
-10.2
17.1
37.5
45.7
43.7
35.2
22.1
7.1
-6.9
-18.0
-22.5
-16.7
-2.7
15.5
36.3
58.0
76.5
89.2
91.4
78.4
53.1
21.1
-15.5
-53.4
-88.2
-117.2
-134.5
-134.6
-120.2
-96.4
-65.9
-32.6
0.3
31.1
55.4
68.7
72.5
69.4
61.7
52.2
41.9
31.0
21.6
15.9
13.2
12.4
12.3
11.7
10.3
8.7
6.2
2.2
-2.9
-8.5
-14.0
-18.3
-21.8
-25.2
-28.4
-31.6
-34.6
-36.6
-38.1
-39.8
-40.2
-38.1
-32.1
-21.0
-5.9
10.6
28.2
46.0
61.8
73.6
78.7
74.3
62.0
45.0
24.7
3.3
-17.2
-35.8
-49.7
-56.0
-55.7
-50.7
-42.6
-33.5
-23.8
-13.1
-2.4
7.4
16.0
23.1
29.2
34.9
39.4
41.5
40.0
33.9
24.2
12.5
-0.1
-12.5
-24.0
-34.5
-42.1
-45.4
-45.2
-42.1
-37.8
-34.4
-30.3
-23.4
-13.4
0.6
17.4
34.4
52.7
73.6
91.8
102.2
100.2
80.8
47.4
7.6
-38.1
-88.4
-134.3
-168.1
-180.4
-161.3
-116.4
-58.0
11.0
85.6
154.6
209.3
236.2
221.4
172.5
104.0
21.8
-66.0
-147.9
-216.3
-256.1
-252.7
-213.0
-151.1
-74.1
8.0
86.3
156.0
204.4
219.1
205.0
171.5
125.1
74.1
23.4
-25.6
-65.2
-88.2
-96.7
-94.7
-85.6
-74.1
-61.7
-48.0
-35.8
-27.4
-22.4
-19.6
-17.9
-16.1
-13.4
-9.6
-3.6
5.4
16.7
28.6
40.8
52.9
62.8
69.0
69.2
61.4
47.0
29.0
8.3
-14.1
-35.1
-52.5
-63.0
-63.0
-54.4
-40.5
-22.6
-2.7
16.6
33.2
43.5
44.1
36.5
24.1
8.2
-9.1
-25.4
-39.1
-46.9
-45.8
-37.1
-23.9
-7.8
9.2
25.1
38.5
46.5
46.2
38.9
27.4
13.1
-1.7
-15.7
-28.2
-36.6
-38.8
-35.7
-29.0
-20.2
-11.0
-2.0
7.1
15.1
21.0
24.9
26.9
27.9
28.8
28.9
27.2
23.1
15.9
6.5
-3.8
-14.6
-25.7
-35.5
-43.1
-46.4
-43.7
-36.1
-25.5
-13.1
-0.3
11.8
23.0
31.7
36.3
37.3
35.3
31.8
28.2
23.8
17.6
9.5
-0.9
-12.7
-24.4
-36.1
-48.1
-58.0
-64.0
-63.6
-54.3
-37.8
-17.5
5.2
28.5
50.1
68.4
80.1
81.7
75.0
62.6
46.7
30.1
13.5
-3.8
-19.8
-32.9
-43.3
-50.7
-56.6
-62.9
-67.3
-67.1
-60.6
-45.8
-24.5
-0.7
25.7
54.0
79.7
98.9
106.4
97.1
74.0
43.3
7.1
-31.9
-68.3
-98.5
-115.9
-113.9
-95.8
-67.9
-33.3
3.6
38.8
69.9
91.1
96.7
88.9
72.3
49.9
25.7
1.7
-21.4
-40.2
-51.4
-55.8
-55.0
-50.6
-44.8
-37.9
-29.7
-21.0
-12.6
-4.7
2.6
9.4
15.5
21.2
26.9
32.6
38.6
44.4
48.9
52.9
56.5
58.2
55.9
48.2
33.0
12.1
-11.3
-36.3
-61.8
-84.7
-102.3
-110.7
-106.1
-90.6
-68.3
-41.3
-12.1
16.4
42.3
61.6
70.4
70.1
63.6
52.8
40.1
27.0
13.7
2.5
-4.5
-7.7
-8.5
-7.7
-6.8
-6.0
-4.8
-3.9
-3.6
-3.9
-4.5
-5.1
-5.0
-4.5
-4.2
-4.1
-4.6
-5.4
-6.3
-7.5
-9.2
-10.7
-11.3
-10.3
-7.0
-1.9
3.9
10.4
17.6
23.9
28.2
28.9
24.5
16.0
5.5
-6.6
-19.6
-31.4
-40.5
-44.4
-40.7
-30.9
-17.6
-2.1
13.9
28.5
41.0
48.2
47.7
40.7
29.8
16.7
4.2
-7.6
-19.3
-29.2
-35.8
-39.6
-40.6
-40.9
-43.0
-44.0
-40.6
-31.2
-13.8
9.7
34.8
62.6
93.6
121.0
138.0
138.1
114.0
70.4
17.4
-43.5
-109.5
-170.0
-215.8
-234.8
-214.7
-162.5
-92.5
-9.2
80.6
164.5
232.9
270.3
261.1
213.1
142.3
55.4
-37.9
-125.9
-201.1
-247.5
-249.7
-214.7
-156.8
-83.5
-5.3
69.4
135.9
181.7
194.5
179.2
145.2
99.0
49.6
1.0
-45.6
-82.8
-104.0
-110.9
-106.9
-95.9
-82.5
-67.5
-50.1
-32.2
-15.3
0.1
13.9
26.5
38.2
49.0
58.5
66.3
72.1
75.8
76.8
76.1
74.8
70.8
62.4
48.1
26.1
-1.6
-31.0
-61.7
-92.8
-120.0
-139.9
-147.7
-138.5
-115.1
-83.3
-45.5
-5.1
33.9
68.9
94.2
104.4
101.6
90.0
72.5
52.9
32.7
12.3
-5.2
-16.8
-23.2
-25.5
-25.8
-26.6
-26.8
-24.9
-20.8
-14.3
-5.9
2.8
12.4
23.5
33.7
40.4
41.1
33.0
17.9
-0.4
-21.3
-43.3
-63.2
-78.3
-84.5
-77.5
-59.7
-35.7
-7.7
21.6
49.0
72.7
88.5
92.0
85.2
71.3
52.8
33.1
13.3
-6.5
-23.8
-36.3
-44.4
-48.6
-50.5
-51.8
-51.7
-48.8
-42.5
-32.3
-19.1
-4.9
10.2
25.7
39.9
51.3
57.4
55.9
48.1
36.4
22.3
8.0
-5.9
-19.4
-30.6
-37.6
-41.1
-41.6
-40.8
-41.0
-40.3
-36.0
-27.4
-13.4
4.9
24.2
45.4
69.3
90.5
103.8
104.3
86.5
54.1
14.5
-31.2
-81.2
-127.1
-161.6
-175.4
-158.9
-117.7
-62.9
2.0
72.1
137.1
189.5
216.8
206.3
164.7
105.0
32.7
-44.8
-117.5
-178.9
-216.0
-215.7
-184.3
-133.5
-69.7
-1.6
63.6
121.9
162.4
174.7
163.1
135.4
97.1
55.5
14.3
-25.3
-57.0
-74.8
-80.5
-77.4
-68.7
-58.6
-47.8
-35.6
-24.1
-15.0
-8.1
-3.0
1.4
6.3
11.3
15.5
18.5
20.3
20.7
20.4
19.1
16.7
13.8
10.8
8.1
6.2
5.1
4.4
4.0
4.0
3.9
3.5
2.3
0.1
-3.1
-6.5
-10.1
-13.9
-17.2
-19.2
-19.3
-16.7
-11.8
-5.8
1.2
8.8
15.7
21.2
23.8
22.2
17.1
10.1
1.7
-7.5
-16.0
-23.0
-26.6
-25.4
-20.0
-12.3
-2.9
7.0
16.3
24.1
28.7
28.6
24.5
17.8
9.4
0.6
-7.8
-15.5
-21.1
-23.4
-22.8
-20.2
-16.2
-11.7
-7.1
-2.4
1.9
5.2
7.5
9.0
9.8
10.3
10.5
10.4
10.0
9.3
8.4
7.3
6.3
5.6
4.9
3.5
1.4
-1.8
-5.7
-9.8
-14.3
-19.8
-24.6
-27.1
-26.2
-20.6
-11.0
0.4
13.6
28.8
42.7
52.4
54.9
47.0
30.5
9.9
-14.7
-42.2
-67.6
-86.4
-93.3
-82.7
-57.7
-25.2
13.4
55.9
95.2
125.4
138.6
126.5
93.6
49.5
-3.1
-60.1
-112.8
-154.8
-175.7
-164.7
-127.7
-75.9
-13.6
52.8
114.5
165.9
195.3
191.5
160.0
111.6
51.8
-11.6
-71.8
-125.2
-161.9
-172.3
-160.4
-133.4
-96.5
-56.8
-17.3
21.1
52.8
72.2
80.9
81.4
76.9
71.4
64.5
54.9
43.5
31.0
17.9
5.3
-7.8
-22.1
-35.7
-46.3
-51.8
-50.2
-42.6
-31.6
-17.7
-1.8
13.6
26.8
34.7
34.5
27.4
16.5
2.8
-12.3
-26.5
-38.1
-44.3
-42.0
-32.7
-19.5
-3.5
13.4
29.0
42.1
49.7
48.9
41.1
29.0
14.1
-1.6
-16.5
-29.6
-38.5
-40.7
-37.2
-29.8
-19.9
-9.1
1.7
11.9
20.2
25.0
26.8
26.3
23.9
20.5
16.5
12.2
8.3
5.4
3.3
1.6
0.5
0.0
-0.6
-2.5
-6.5
-13.6
-22.8
-32.4
-42.2
-52.0
-59.6
-63.3
-60.6
-49.2
-30.8
-8.6
15.9
41.0
64.2
83.5
95.6
97.2
89.8
76.1
58.0
37.9
17.2
-3.1
-20.7
-33.4
-41.5
-45.9
-47.5
-47.5
-46.2
-43.8
-40.9
-38.1
-35.4
-32.4
-29.5
-26.7
-23.2
-18.0
-10.4
0.2
13.2
26.7
41.0
56.2
69.4
77.7
78.5
68.9
50.8
28.1
1.3
-28.8
-57.2
-79.3
-89.9
-83.6
-63.3
-35.4
-1.0
38.2
74.9
102.9
114.6
101.9
69.1
25.9
-25.7
-82.4
-134.5
-174.2
-190.4
-172.0
-125.3
-63.1
10.6
89.8
162.9
221.3
250.7
236.9
187.4
117.2
32.5
-58.0
-142.8
-214.0
-256.2
-254.4
-215.8
-154.4
-77.5
5.0
83.9
153.8
201.7
214.8
198.4
162.5
113.2
59.0
5.5
-44.6
-83.0
-101.5
-102.8
-92.3
-73.8
-52.2
-30.6
-10.3
4.2
8.4
4.0
-5.3
-17.9
-31.5
-43.0
-50.7
-50.9
-39.8
-19.9
4.6
31.9
59.9
84.6
103.4
111.4
103.7
83.2
55.0
21.9
-12.7
-45.2
-73.5
-92.6
-97.5
-90.3
-74.9
-54.3
-32.4
-10.4
11.6
30.9
45.0
54.2
58.9
61.0
62.8
62.7
58.7
49.9
35.3
16.2
-4.6
-27.0
-50.5
-72.0
-88.7
-97.2
-93.9
-80.7
-61.4
-37.4
-11.0
15.1
38.4
55.4
62.0
59.9
52.0
39.8
25.3
10.8
-2.4
-11.1
-12.6
-7.9
0.1
10.5
21.9
32.0
39.3
41.1
34.5
21.2
4.4
-14.7
-34.5
-52.2
-66.2
-72.9
-69.1
-56.6
-38.9
-17.6
4.7
25.9
44.4
57.1
60.8
56.8
47.3
34.3
19.8
5.1
-9.2
-21.4
-29.7
-34.3
-35.9
-35.0
-32.3
-28.6
-24.3
-19.7
-15.4
-11.6
-7.8
-5.0
-4.2
-3.4
-0.2
6.6
18.4
34.1
50.2
67.9
88.1
104.9
113.0
106.9
81.1
39.6
-8.9
-63.3
-121.7
-174.3
-212.7
-226.1
-203.1
-150.5
-81.9
-1.4
84.8
164.8
230.1
265.9
257.6
212.6
145.7
63.8
-23.9
-107.0
-179.5
-227.0
-235.7
-211.8
-166.6
-107.6
-44.4
17.0
74.4
118.1
139.0
140.2
127.2
105.3
81.6
56.9
30.2
4.5
-17.2
-34.8
-48.2
-59.2
-70.4
-79.5
-83.7
-80.9
-69.1
-50.1
-27.3
-1.7
25.5
51.2
73.4
88.1
91.7
85.7
73.3
56.3
37.3
17.7
-1.8
-19.0
-31.6
-39.9
-44.6
-46.9
-48.0
-47.9
-45.9
-42.1
-36.6
-29.7
-22.0
-13.8
-5.3
3.1
11.3
18.6
24.4
28.8
31.7
33.7
35.4
36.0
34.5
30.1
22.3
11.7
0.2
-12.4
-25.7
-37.7
-46.6
-50.1
-45.9
-35.4
-21.3
-4.6
13.6
30.8
45.1
53.5
52.9
44.9
32.4
16.6
-0.6
-17.2
-31.7
-41.2
-43.1
-38.4
-29.7
-18.2
-5.5
6.6
17.4
24.5
25.9
22.3
15.8
7.3
-1.7
-10.2
-17.5
-22.1
-22.3
-18.9
-13.1
-6.0
1.4
8.3
14.6
19.1
20.7
19.9
17.5
14.0
10.3
6.7
2.7
-1.1
-4.4
-7.2
-9.4
-11.4
-13.7
-15.7
-16.5
-15.8
-13.1
-8.8
-3.6
2.4
9.3
15.9
20.7
22.6
20.4
14.6
6.9
-2.7
-13.9
-24.6
-32.5
-35.6
-31.4
-21.4
-8.2
7.8
26.4
43.7
56.3
60.4
51.9
33.2
9.5
-18.5
-49.5
-77.7
-98.1
-104.4
-89.8
-58.4
-18.4
28.0
77.4
122.3
157.0
172.5
159.5
123.1
73.3
14.3
-47.9
-106.1
-155.7
-186.8
-189.8
-169.1
-133.2
-87.0
-37.4
11.1
56.4
91.5
109.4
112.3
104.4
89.4
72.1
53.7
33.6
14.4
-1.7
-14.6
-24.5
-32.4
-39.7
-45.6
-49.3
-49.8
-46.5
-40.1
-31.5
-21.6
-11.4
-0.8
10.4
21.8
32.8
43.2
51.7
59.2
66.3
70.9
70.9
64.2
48.6
26.1
0.4
-27.5
-56.2
-82.2
-103.3
-115.0
-113.5
-100.7
-80.6
-55.5
-28.2
-1.1
24.8
45.8
58.8
64.7
65.0
61.7
56.9
50.7
42.8
34.0
25.2
16.4
8.2
0.1
-8.4
-16.5
-23.3
-27.9
-29.4
-28.4
-25.7
-21.6
-16.9
-11.8
-6.5
-1.7
1.8
4.2
5.8
6.9
8.4
9.6
9.8
8.7
6.0
2.1
-2.2
-7.1
-12.7
-17.8
-21.1
-21.1
-16.4
-8.1
1.9
13.3
25.2
36.0
43.9
46.9
42.5
32.2
18.4
2.4
-14.2
-29.7
-43.0
-51.5
-52.8
-48.0
-39.1
-27.5
-15.4
-3.4
8.4
18.5
25.3
29.2
30.6
30.6
30.2
29.1
26.1
21.2
13.9
4.8
-4.7
-14.6
-24.7
-33.7
-40.4
-43.1
-40.1
-32.4
-22.0
-9.7
3.0
15.2
26.5
35.2
39.7
40.6
38.7
35.0
30.8
26.0
19.6
11.9
3.0
-6.7
-16.2
-25.8
-35.9
-44.8
-50.9
-52.4
-47.9
-38.2
-25.7
-10.8
5.9
21.9
35.4
43.6
43.8
37.4
27.1
13.8
-1.5
-16.1
-27.9
-33.8
-30.7
-20.1
-5.6
11.8
30.6
47.6
60.6
65.8
59.6
43.9
22.8
-2.1
-28.8
-53.8
-74.4
-86.5
-85.8
-74.4
-56.3
-33.0
-6.9
18.5
40.6
55.0
57.4
49.6
36.0
17.8
-3.3
-23.2
-38.8
-45.6
-38.8
-20.9
2.6
30.1
59.3
85.3
104.4
110.7
98.1
70.2
33.8
-8.3
-52.1
-92.5
-126.1
-145.9
-145.2
-127.3
-98.4
-62.2
-23.7
13.7
48.5
75.4
89.1
91.5
85.5
74.2
61.6
48.0
32.3
16.2
1.1
-12.7
-24.5
-35.4
-46.7
-56.5
-62.3
-62.1
-54.1
-39.6
-21.8
-1.4
20.5
41.2
58.6
69.2
69.7
61.7
48.3
31.1
12.5
-5.8
-22.9
-36.0
-42.3
-42.9
-39.4
-33.3
-26.6
-19.6
-12.0
-5.1
0.3
4.2
6.9
9.2
12.0
14.6
15.9
15.5
13.0
8.6
3.6
-2.5
-9.9
-17.0
-21.9
-23.2
-19.2
-10.9
-0.5
11.8
25.6
38.2
47.3
50.0
43.3
28.9
10.6
-10.6
-33.5
-54.3
-70.3
-77.0
-70.1
-52.1
-27.9
0.4
30.1
57.5
80.1
92.8
90.6
75.9
53.6
26.5
-1.5
-28.1
-52.5
-70.7
-78.7
-78.1
-71.0
-60.3
-49.5
-38.0
-24.0
-8.4
8.3
25.5
41.2
56.9
73.9
88.4
96.2
93.9
77.5
49.9
16.9
-20.5
-60.9
-98.1
-126.8
-140.1
-130.7
-102.6
-63.8
-17.2
33.1
80.5
120.4
144.2
143.6
122.6
89.2
46.8
0.9
-43.2
-81.9
-107.7
-113.2
-101.5
-78.8
-48.5
-15.1
17.1
45.9
65.5
70.4
62.6
47.0
25.9
2.5
-19.9
-39.1
-50.8
-50.6
-40.4
-24.6
-4.7
16.8
36.6
52.3
59.6
54.3
38.6
17.3
-7.9
-34.0
-57.7
-76.8
-86.5
-82.1
-66.3
-43.3
-15.8
12.6
39.5
63.7
81.0
87.7
85.1
76.0
62.4
47.6
32.1
15.4
-1.0
-15.5
-28.0
-38.3
-47.1
-55.6
-62.4
-66.0
-65.2
-58.6
-47.4
-33.6
-17.7
-0.6
16.1
30.9
41.6
46.0
45.1
40.5
33.5
25.3
16.9
8.3
1.1
-3.5
-5.7
-6.3
-6.1
-6.4
-6.6
-6.0
-4.7
-2.5
0.4
3.2
6.5
10.8
14.7
16.6
15.3
9.2
-0.6
-11.8
-24.2
-37.3
-48.7
-56.5
-58.0
-50.2
-35.0
-15.8
6.0
28.5
49.1
66.3
76.6
76.3
67.3
52.7
34.7
16.1
-2.0
-19.6
-34.2
-43.5
-48.2
-49.1
-48.3
-48.3
-47.3
-42.8
-34.2
-20.8
-3.5
14.7
34.9
58.1
79.1
92.7
94.2
78.4
48.6
12.4
-29.7
-76.2
-118.5
-149.5
-160.1
-140.5
-96.5
-39.7
26.5
97.0
161.5
212.6
237.3
223.0
176.5
111.1
33.0
-49.4
-126.9
-193.7
-236.9
-243.8
-220.1
-176.3
-119.3
-58.3
1.5
58.4
103.6
129.0
136.8
131.6
118.1
102.6
85.1
63.9
41.0
17.9
-4.6
-24.9
-44.2
-64.1
-81.6
-93.6
-97.4
-89.7
-72.7
-50.0
-23.4
5.0
32.7
57.9
76.8
85.9
86.3
80.3
69.8
57.3
43.4
27.7
11.7
-3.3
-17.2
-29.5
-40.7
-51.4
-60.6
-67.2
-70.4
-69.2
-64.2
-56.4
-46.3
-34.7
-22.1
-9.0
3.7
15.1
25.2
33.8
41.1
47.3
52.0
55.0
56.1
54.9
51.8
47.0
40.7
33.3
25.1
16.0
6.2
-4.1
-14.5
-24.3
-33.4
-41.4
-47.9
-52.8
-55.3
-55.1
-52.4
-47.5
-41.3
-34.7
-27.2
-18.4
-8.1
3.6
16.3
28.6
40.7
52.6
62.7
69.0
69.9
63.4
50.8
34.7
15.9
-4.4
-23.8
-40.5
-51.7
-54.3
-49.8
-40.7
-28.0
-13.6
0.7
13.6
22.6
25.0
22.0
15.5
6.7
-3.4
-12.9
-20.8
-25.0
-23.3
-16.8
-7.8
3.2
14.8
25.4
33.5
36.9
33.1
23.6
11.0
-3.7
-18.9
-32.7
-43.8
-49.7
-47.6
-39.1
-26.5
-11.6
3.4
17.5
30.6
40.5
45.3
45.7
42.7
38.0
33.9
29.3
22.3
12.8
0.5
-13.9
-28.2
-43.3
-60.1
-74.7
-83.2
-81.8
-66.8
-40.8
-9.6
26.1
64.9
100.5
127.2
138.1
125.7
94.4
52.5
2.7
-51.3
-101.7
-142.7
-165.1
-159.5
-130.5
-87.7
-35.0
22.3
76.6
122.7
150.8
151.5
129.0
92.5
45.9
-5.1
-53.7
-95.6
-122.0
-124.3
-106.2
-75.6
-36.2
7.0
48.1
83.2
104.4
104.1
85.9
57.0
20.7
-18.8
-55.7
-86.2
-102.8
-98.2
-76.1
-43.9
-4.8
36.6
74.8
106.3
123.6
119.5
97.7
64.9
24.9
-17.5
-57.7
-93.0
-116.8
-123.1
-114.2
-95.2
-69.0
-39.9
-10.8
16.7
38.4
50.1
53.1
50.1
42.7
33.2
23.5
14.7
9.5
10.4
16.2
24.4
34.2
44.6
52.9
57.2
54.5
41.7
20.9
-3.7
-31.0
-59.0
-84.1
-103.5
-112.8
-107.4
-89.8
-64.8
-34.7
-2.5
28.3
55.8
75.2
82.2
78.4
67.4
51.3
33.3
15.1
-2.7
-17.3
-26.0
-29.4
-29.0
-26.1
-22.2
-17.8
-13.0
-8.6
-5.4
-3.2
-1.8
-0.8
0.1
1.1
2.8
5.4
9.5
14.5
19.6
24.7
29.5
32.9
34.3
32.2
25.2
14.7
2.2
-11.1
-24.1
-35.7
-45.5
-51.6
-52.4
-48.7
-41.7
-33.2
-25.3
-17.1
-7.4
3.5
15.5
28.0
39.4
51.1
64.6
76.0
81.0
76.6
59.2
31.3
-1.1
-37.8
-78.2
-114.9
-141.5
-150.2
-132.9
-94.6
-45.1
12.9
75.8
133.9
179.7
201.9
189.0
147.1
88.6
18.5
-56.5
-126.7
-185.1
-219.1
-215.9
-181.8
-128.5
-62.2
9.0
77.0
137.1
178.3
189.6
175.4
144.4
101.6
54.2
7.1
-36.9
-70.4
-86.1
-86.4
-76.7
-59.7
-39.7
-20.0
-2.5
8.1
7.2
-3.1
-18.2
-36.6
-55.7
-71.9
-82.4
-82.8
-68.2
-41.6
-8.7
28.4
66.5
101.0
128.9
144.5
142.0
124.3
96.8
62.7
25.7
-10.4
-43.8
-69.4
-82.3
-84.1
-78.1
-66.8
-53.2
-38.8
-24.0
-11.4
-3.6
0.3
1.4
0.9
0.3
-0.1
-0.4
0.3
2.8
6.7
11.2
15.8
19.8
22.8
24.7
24.6
22.0
17.4
11.5
5.0
-1.4
-7.2
-12.6
-16.7
-19.0
-19.6
-18.8
-17.1
-15.4
-13.2
-9.8
-5.1
1.2
8.7
16.1
23.6
31.0
37.0
40.7
40.5
34.9
25.1
12.8
-1.1
-15.4
-28.8
-40.7
-49.2
-52.8
-52.0
-47.8
-41.2
-33.5
-24.9
-15.5
-5.8
3.7
12.6
20.5
27.5
33.4
38.2
41.6
43.2
42.4
39.6
35.1
30.1
25.4
20.3
13.5
4.7
-6.4
-19.2
-31.9
-45.2
-60.0
-72.7
-79.7
-78.1
-64.4
-41.0
-13.0
19.3
55.1
88.0
112.7
122.3
109.9
79.6
40.0
-7.1
-58.5
-105.9
-143.0
-159.9
-146.6
-108.9
-57.4
3.4
67.9
127.4
176.1
202.6
195.9
161.5
110.2
48.0
-17.4
-79.4
-134.8
-173.7
-187.0
-178.1
-153.9
-119.7
-83.0
-45.6
-7.2
27.6
54.5
74.0
86.8
95.5
103.9
109.4
109.0
101.1
84.1
59.9
32.3
1.6
-31.5
-62.7
-88.4
-103.6
-103.2
-89.9
-68.6
-41.4
-11.1
18.6
44.8
62.6
66.9
59.8
45.5
26.2
4.9
-15.7
-34.0
-46.1
-48.1
-41.8
-30.3
-15.2
0.9
16.0
29.1
37.0
37.1
30.5
19.9
6.7
-7.1
-19.9
-30.7
-37.2
-36.9
-31.0
-21.4
-9.6
2.9
14.7
25.5
33.3
36.4
35.5
31.7
25.9
19.2
12.2
5.0
-1.3
-5.9
-9.0
-11.1
-12.3
-13.0
-13.6
-14.1
-15.1
-17.0
-19.3
-21.6
-23.7
-25.3
-25.9
-25.0
-22.1
-16.3
-8.3
0.9
10.6
20.1
28.7
36.2
41.7
44.2
44.1
41.8
37.9
33.2
27.6
20.8
12.8
3.8
-6.0
-15.7
-25.2
-34.4
-42.5
-48.6
-51.7
-50.9
-46.7
-40.0
-31.4
-21.5
-11.1
-0.9
8.2
15.1
20.0
23.3
24.9
24.8
23.9
23.0
22.6
23.4
25.2
27.1
29.6
33.4
36.2
35.7
30.2
17.6
-0.5
-20.7
-43.2
-68.2
-90.5
-105.1
-107.3
-91.6
-61.4
-23.9
19.9
68.3
113.0
146.9
161.0
146.2
107.5
56.1
-5.4
-72.7
-135.1
-184.4
-207.9
-192.9
-146.5
-82.3
-5.3
77.4
154.2
216.9
250.8
241.1
195.5
128.5
46.7
-40.5
-122.7
-193.3
-237.9
-242.5
-213.4
-163.0
-98.2
-28.6
38.6
99.7
143.8
160.4
153.4
130.5
97.0
60.3
23.7
-11.8
-40.6
-57.0
-62.6
-60.2
-52.8
-43.8
-34.2
-23.8
-14.4
-7.7
-3.4
-0.6
1.1
2.6
4.5
7.2
11.5
18.2
26.5
34.9
43.1
50.9
56.4
58.3
54.5
43.1
25.6
4.9
-17.6
-40.1
-60.7
-78.0
-89.0
-91.1
-85.3
-74.0
-59.1
-43.1
-26.4
-8.7
8.5
24.1
37.8
49.0
58.8
68.4
75.8
78.9
76.2
65.9
49.5
29.8
7.6
-16.6
-39.4
-58.4
-69.9
-70.3
-61.4
-46.9
-28.1
-7.0
13.5
31.4
43.0
44.4
37.4
25.3
9.6
-7.4
-23.5
-37.2
-45.2
-44.4
-36.3
-23.8
-8.5
7.7
22.7
35.6
43.5
44.0
38.2
28.3
16.0
3.1
-9.2
-20.4
-28.5
-31.7
-30.7
-26.5
-20.4
-13.7
-6.7
0.6
7.6
13.5
18.3
21.9
24.3
25.8
26.4
25.9
24.2
21.1
16.9
11.6
6.2
1.6
-3.2
-9.1
-16.5
-25.9
-36.4
-46.4
-56.2
-65.9
-73.1
-75.4
-70.2
-54.6
-31.0
-3.3
26.9
57.7
85.7
108.4
121.3
120.1
106.8
85.8
59.5
31.6
3.8
-23.1
-45.5
-60.3
-68.3
-70.8
-69.9
-68.3
-65.1
-58.5
-48.7
-35.4
-19.5
-3.1
14.5
33.9
51.8
65.0
70.5
64.9
50.2
30.5
6.8
-19.6
-44.5
-64.4
-74.4
-69.5
-52.4
-28.3
0.6
31.8
60.8
84.3
96.8
92.7
74.8
48.6
16.7
-17.4
-49.5
-77.2
-95.1
-97.8
-87.7
-69.4
-45.3
-18.7
7.4
31.1
48.2
54.7
52.1
43.6
31.0
16.7
2.7
-9.5
-17.1
-17.1
-10.7
-0.8
11.4
24.0
35.2
43.5
46.4
41.1
29.2
13.4
-4.9
-23.7
-41.0
-55.7
-65.1
-66.5
-61.1
-51.1
-37.9
-23.1
-8.3
6.0
17.8
25.2
28.8
29.6
28.2
25.6
22.4
19.2
16.7
15.9
16.6
17.7
19.4
21.3
22.4
21.8
18.4
10.9
0.4
-11.3
-23.8
-36.7
-47.8
-55.6
-57.9
-52.1
-40.0
-24.2
-5.9
13.2
31.0
46.2
55.7
56.9
50.9
40.3
26.8
12.4
-1.7
-15.3
-26.5
-33.4
-36.6
-36.6
-34.7
-32.6
-29.5
-24.8
-18.1
-9.2
1.1
11.4
21.8
32.0
40.7
46.9
48.7
44.2
34.9
22.6
9.0
-3.8
-15.8
-27.4
-37.0
-43.4
-46.9
-47.5
-47.3
-48.9
-49.2
-44.5
-33.0
-12.5
14.9
43.9
75.6
110.4
140.8
159.6
159.3
131.9
82.9
23.1
-45.0
-117.9
-184.4
-235.7
-258.8
-240.2
-187.6
-115.6
-29.9
61.6
147.3
219.4
262.9
262.7
225.9
166.4
91.7
11.7
-65.1
-134.4
-183.9
-201.5
-191.9
-163.7
-123.3
-79.6
-35.7
8.1
45.3
70.1
83.7
88.4
87.7
86.0
82.6
75.2
64.4
50.1
33.3
15.9
-2.6
-22.2
-40.9
-56.4
-66.2
-67.6
-61.8
-51.5
-37.8
-22.4
-6.7
8.5
20.9
28.4
31.5
31.4
29.2
26.1
22.2
17.4
12.1
6.9
1.8
-3.0
-7.7
-12.6
-17.3
-21.2
-23.8
-24.9
-24.4
-22.8
-20.1
-16.3
-12.0
-7.5
-3.1
0.8
4.1
7.1
9.6
11.3
12.8
14.6
17.1
20.7
25.1
29.2
33.2
36.9
39.1
39.0
35.2
26.3
13.5
-1.3
-17.2
-33.2
-47.7
-59.7
-67.2
-68.1
-63.4
-54.6
-43.1
-30.3
-17.0
-3.5
8.8
18.6
26.1
31.5
35.4
38.5
40.5
41.0
40.0
37.5
33.5
28.6
22.7
16.0
8.9
1.7
-5.0
-11.1
-16.2
-20.3
-23.5
-25.4
-26.3
-26.7
-26.4
-25.6
-24.3
-22.5
-20.7
-19.8
-18.5
-15.5
-10.1
-1.4
9.7
21.4
34.2
48.9
61.8
69.5
68.9
56.8
35.2
9.1
-21.3
-55.5
-87.1
-110.1
-118.0
-104.1
-72.2
-31.0
18.0
72.5
122.9
161.2
177.1
159.7
115.1
55.9
-14.7
-91.7
-162.9
-218.9
-245.5
-228.1
-174.7
-101.1
-12.7
82.3
170.6
242.9
282.3
271.9
220.5
144.7
52.3
-46.1
-138.6
-217.7
-266.9
-270.1
-234.7
-174.8
-98.8
-17.8
60.1
131.1
183.0
203.8
197.9
173.3
136.4
95.8
54.3
12.3
-24.6
-51.0
-67.8
-76.9
-81.1
-83.8
-84.8
-82.5
-77.4
-69.8
-60.1
-49.0
-36.7
-23.1
-8.8
5.6
19.2
31.4
41.8
50.1
56.7
62.0
65.1
65.1
61.1
52.2
39.4
24.6
8.4
-8.0
-23.4
-37.0
-46.8
-51.1
-50.6
-46.5
-40.1
-33.2
-25.6
-16.4
-6.1
5.1
16.4
26.9
37.1
47.9
56.7
61.4
59.6
49.1
31.5
10.5
-13.3
-38.8
-62.3
-81.1
-91.2
-88.2
-74.5
-54.2
-29.1
-1.4
25.3
48.7
64.4
68.1
61.7
49.1
31.9
12.7
-5.9
-22.1
-32.2
-32.7
-25.2
-13.0
2.2
18.1
32.5
44.2
50.3
47.8
38.1
23.9
6.9
-10.6
-27.0
-41.9
-53.0
-58.1
-58.0
-53.8
-46.7
-38.2
-28.8
-18.7
-8.6
0.8
9.3
16.6
22.8
27.6
31.5
34.9
37.7
40.2
42.2
43.0
43.7
45.1
45.2
41.7
33.0
17.4
-3.6
-26.2
-50.8
-77.0
-100.1
-115.5
-118.4
-103.3
-73.8
-36.6
6.4
53.0
96.2
130.5
148.0
140.3
111.9
71.7
22.9
-29.6
-78.8
-120.2
-144.4
-142.3
-118.5
-81.5
-36.0
12.0
57.3
97.2
123.8
129.6
117.9
94.4
63.7
31.9
0.7
-30.1
-56.5
-74.6
-85.2
-89.1
-89.3
-89.3
-86.9
-79.2
-64.9
-42.6
-14.3
15.9
47.9
81.4
111.6
134.2
143.7
134.6
110.2
76.8
36.7
-6.4
-47.9
-84.1
-108.8
-115.4
-106.6
-87.9
-62.2
-33.6
-5.1
21.5
41.7
50.9
50.6
43.9
33.0
20.5
8.0
-3.9
-12.9
-16.5
-15.6
-11.9
-6.2
0.0
5.7
10.1
11.9
9.3
3.4
-4.3
-13.1
-22.3
-30.2
-35.7
-36.8
-31.7
-21.5
-8.4
6.6
22.4
36.9
48.8
55.7
55.0
48.1
37.1
23.2
7.9
-7.1
-20.7
-30.4
-34.1
-32.5
-27.7
-20.4
-11.7
-3.1
4.3
8.8
8.4
4.0
-2.5
-10.5
-19.2
-26.9
-32.4
-33.6
-28.6
-18.6
-5.8
9.0
24.7
39.1
50.6
56.6
54.5
45.7
32.7
16.6
-1.4
-18.7
-33.4
-42.5
-43.2
-36.6
-25.8
-11.5
5.0
20.8
33.3
39.2
35.1
22.6
5.8
-14.6
-37.3
-58.1
-73.3
-78.5
-68.7
-46.8
-18.4
15.0
51.4
84.8
110.5
122.1
112.5
85.7
49.1
5.2
-42.5
-87.1
-123.1
-142.2
-135.8
-108.3
-68.5
-19.7
33.5
83.5
125.0
148.6
144.9
118.6
78.9
29.5
-24.3
-75.1
-117.7
-142.8
-141.0
-116.7
-79.1
-32.1
18.5
66.1
106.3
130.1
128.4
105.8
70.4
26.7
-19.5
-62.7
-99.9
-123.3
-125.1
-108.8
-80.9
-45.6
-8.3
27.5
60.7
85.9
98.1
98.9
91.4
78.2
63.4
47.3
29.6
12.1
-3.9
-17.9
-29.9
-40.5
-50.7
-59.6
-65.9
-68.8
-67.5
-62.6
-54.9
-45.1
-33.7
-21.4
-8.6
3.8
14.9
24.5
32.7
39.6
45.2
49.4
51.9
52.5
51.0
47.7
42.8
36.6
29.8
22.3
13.8
4.4
-5.9
-16.5
-26.6
-36.2
-45.1
-52.4
-57.1
-58.1
-54.3
-46.5
-36.0
-23.9
-10.9
1.8
13.9
23.8
30.4
33.9
34.8
34.0
32.3
29.7
25.8
20.8
14.8
8.1
1.3
-5.4
-12.1
-18.1
-23.0
-25.7
-25.7
-23.2
-19.1
-14.0
-8.6
-3.1
2.8
8.5
13.7
18.4
22.0
25.2
28.3
30.4
30.4
27.5
20.8
11.1
0.0
-12.3
-25.1
-36.9
-46.2
-51.0
-49.4
-42.5
-32.2
-19.3
-4.9
9.1
21.6
30.4
33.5
31.6
26.6
18.9
9.6
0.2
-7.8
-12.5
-12.2
-7.4
-0.4
8.8
19.7
29.7
36.5
37.5
30.1
15.8
-1.8
-22.4
-45.5
-66.5
-81.3
-85.3
-73.7
-49.3
-18.4
17.9
57.7
94.4
122.2
133.5
120.6
87.9
44.6
-6.6
-61.7
-112.5
-152.7
-172.2
-160.6
-123.6
-72.2
-11.0
53.2
112.7
162.7
192.4
191.2
164.1
120.6
66.6
10.2
-44.1
-94.7
-133.8
-154.3
-158.4
-149.7
-133.2
-114.7
-93.7
-68.1
-39.2
-8.0
24.0
54.3
83.7
113.4
139.1
156.7
161.9
149.9
123.9
89.5
49.1
5.9
-36.1
-74.0
-102.0
-114.4
-113.4
-102.9
-86.0
-66.6
-46.2
-24.6
-4.8
10.4
21.5
28.9
34.2
39.5
43.5
44.7
42.3
35.6
25.5
13.7
0.5
-13.8
-27.4
-38.7
-45.4
-45.1
-38.9
-29.2
-17.1
-4.0
8.8
20.6
29.5
33.4
33.2
30.0
25.0
19.7
14.2
8.1
2.0
-3.4
-8.2
-12.1
-15.8
-19.9
-23.4
-25.1
-24.1
-19.4
-11.8
-2.9
7.1
17.9
27.8
35.2
37.9
33.7
24.1
11.5
-3.1
-18.4
-32.5
-44.0
-50.4
-49.0
-41.2
-29.3
-15.0
-0.1
14.1
27.4
37.7
43.2
44.4
42.4
38.2
33.8
28.5
21.7
13.4
3.8
-6.7
-16.9
-27.2
-37.8
-47.2
-53.5
-55.0
-50.0
-39.5
-26.1
-10.3
6.7
22.9
36.8
45.7
46.9
41.8
32.8
21.2
8.9
-3.0
-13.7
-21.1
-22.9
-20.1
-14.4
-7.3
-1.1
4.6
10.6
16.1
20.4
23.5
25.0
26.3
29.1
31.0
29.0
21.5
6.2
-14.9
-37.7
-62.2
-87.9
-109.9
-123.9
-124.3
-105.5
-71.2
-28.8
19.1
68.9
114.8
152.5
174.3
172.6
151.2
117.1
74.7
29.5
-14.5
-55.8
-88.1
-105.4
-109.7
-104.2
-92.6
-79.2
-64.3
-46.4
-27.2
-8.0
10.7
27.5
43.5
59.8
73.8
82.9
84.3
75.4
58.0
35.9
10.2
-17.0
-43.2
-66.1
-81.9
-87.0
-82.7
-72.0
-56.8
-39.6
-21.8
-3.6
12.5
24.5
32.7
37.9
40.9
43.2
44.4
44.2
42.6
40.0
36.3
31.8
26.4
20.0
12.9
5.5
-1.7
-8.5
-14.6
-20.1
-24.7
-28.3
-31.0
-33.0
-34.4
-35.4
-35.8
-35.2
-34.1
-32.6
-30.1
-25.9
-19.5
-9.9
1.8
14.2
26.9
39.4
50.3
58.4
62.2
59.8
52.4
41.5
28.4
14.5
0.6
-12.6
-23.7
-31.1
-35.1
-36.4
-35.7
-33.9
-31.2
-27.0
-21.7
-15.2
-8.0
-0.7
6.4
13.0
18.8
23.7
27.1
28.5
28.1
26.0
23.1
20.5
17.1
11.8
4.0
-7.1
-20.3
-33.7
-47.2
-60.9
-71.9
-78.2
-76.6
-64.1
-42.9
-17.1
11.8
41.6
69.1
92.3
107.0
109.2
100.7
84.8
63.9
41.1
17.8
-5.4
-25.7
-40.7
-50.8
-56.6
-59.3
-60.4
-59.8
-56.8
-51.4
-43.5
-33.8
-23.1
-12.1
-1.5
8.6
18.6
27.6
35.1
41.1
45.0
48.4
52.7
55.3
53.4
45.3
29.0
6.4
-18.4
-45.8
-75.8
-102.5
-120.4
-123.6
-105.8
-71.0
-27.5
22.9
77.3
127.4
166.3
184.3
171.5
133.2
80.5
17.4
-50.3
-113.8
-166.6
-197.2
-194.4
-163.5
-115.5
-55.8
8.5
69.8
123.5
159.4
167.3
151.4
120.1
78.3
32.7
-11.7
-52.6
-82.6
-94.7
-91.5
-78.0
-57.6
-34.9
-12.5
8.4
23.6
29.0
26.1
17.9
6.4
-6.0
-17.4
-26.7
-31.2
-28.2
-18.9
-6.2
8.8
24.5
38.7
49.9
55.3
52.3
42.2
27.9
10.8
-7.7
-25.1
-39.8
-48.8
-49.0
-42.1
-30.7
-16.1
-0.3
14.8
27.8
36.0
36.6
30.8
21.1
8.9
-4.1
-16.3
-26.9
-33.7
-34.5
-30.1
-22.5
-12.7
-2.3
7.6
16.8
23.8
27.1
27.3
25.1
21.3
16.7
11.9
6.9
2.3
-1.2
-3.8
-5.7
-7.0
-7.9
-8.8
-9.7
-11.0
-13.2
-15.7
-18.2
-20.5
-22.5
-23.6
-23.3
-20.9
-15.5
-7.9
0.8
10.1
19.2
27.4
34.2
38.6
39.5
37.3
32.9
27.1
20.9
14.4
7.1
-0.4
-8.1
-15.4
-22.0
-28.1
-34.2
-39.0
-41.5
-40.5
-34.8
-25.3
-13.9
-1.1
12.4
25.0
35.5
41.7
41.7
36.5
28.0
17.4
6.0
-5.1
-15.4
-23.3
-27.1
-27.3
-25.1
-21.3
-17.5
-13.5
-8.6
-3.1
2.4
8.1
13.2
18.6
25.0
30.7
34.0
33.5
27.9
18.1
6.4
-7.5
-23.7
-38.8
-49.8
-53.5
-46.7
-31.3
-11.6
11.8
38.0
62.0
79.5
85.1
73.0
46.6
13.0
-26.1
-68.0
-105.9
-135.1
-147.5
-135.4
-103.0
-59.1
-7.2
47.7
99.0
142.2
168.5
169.2
148.3
113.9
70.0
22.6
-23.4
-65.3
-96.0
-108.6
-105.5
-91.9
-70.9
-47.2
-23.2
0.0
18.5
28.4
30.8
28.1
21.8
14.1
6.5
-0.4
-4.6
-4.1
0.2
6.4
14.1
22.4
29.3
33.1
31.6
22.2
6.8
-11.4
-31.5
-52.1
-70.0
-82.8
-86.5
-77.2
-57.2
-31.1
-0.8
30.9
60.7
86.4
103.6
108.1
101.5
87.3
67.5
44.9
21.7
-1.0
-20.2
-33.0
-40.0
-43.0
-42.6
-40.1
-36.8
-33.7
-32.5
-34.8
-39.7
-45.4
-51.5
-58.0
-62.3
-62.1
-54.9
-37.9
-13.2
14.8
45.1
76.1
103.6
124.4
133.6
126.2
105.0
75.6
40.2
2.5
-33.8
-66.1
-88.9
-97.0
-92.6
-79.6
-60.8
-39.6
-18.1
2.7
19.4
28.9
31.9
30.3
25.8
20.4
14.7
8.6
3.3
0.0
-1.7
-2.1
-1.6
-0.8
0.0
0.2
-0.5
-2.5
-5.6
-9.0
-13.0
-17.8
-21.9
-23.8
-22.1
-15.3
-4.6
7.8
21.7
37.1
50.8
60.0
61.5
51.8
33.1
10.0
-16.6
-44.9
-70.8
-90.7
-99.5
-92.0
-71.0
-42.4
-8.6
27.1
60.4
88.6
105.8
106.2
92.5
70.0
41.8
12.2
-16.3
-42.8
-62.8
-72.3
-72.5
-66.1
-55.7
-44.9
-33.5
-20.0
-5.6
9.0
23.2
35.7
47.8
60.8
71.7
77.4
75.1
62.2
40.5
14.6
-14.9
-46.6
-76.2
-99.7
-112.0
-107.9
-90.0
-63.9
-31.6
4.2
38.7
68.3
87.1
89.2
77.3
57.1
30.5
0.8
-27.6
-51.3
-64.4
-61.2
-44.6
-20.4
9.1
40.5
69.2
91.9
102.5
94.8
72.2
40.9
3.8
-35.3
-71.7
-102.5
-121.5
-122.8
-109.0
-85.5
-55.3
-22.5
9.6
39.0
60.9
70.6
69.6
61.5
48.3
32.9
17.3
2.6
-8.3
-12.5
-11.0
-6.0
1.4
9.8
17.5
23.1
24.5
19.4
9.1
-3.7
-18.2
-33.4
-46.7
-56.3
-58.9
-51.6
-36.2
-16.6
5.9
28.9
49.9
67.1
76.6
74.6
63.1
45.6
24.4
2.8
-18.1
-37.8
-53.6
-62.9
-66.5
-65.3
-61.3
-57.2
-51.6
-42.7
-30.1
-13.2
6.8
27.2
48.1
69.7
88.5
101.3
104.1
92.9
70.4
41.7
8.8
-25.6
-57.7
-85.1
-102.6
-104.7
-94.2
-75.3
-51.5
-27.1
-3.2
20.7
41.1
55.4
64.0
67.5
69.0
71.9
73.1
68.3
55.8
33.1
2.8
-29.7
-65.3
-104.5
-139.3
-162.2
-165.2
-139.6
-91.0
-31.0
38.1
112.1
179.9
232.5
256.6
238.8
186.4
114.2
28.0
-64.1
-150.6
-223.8
-268.7
-270.5
-236.1
-178.8
-106.0
-27.3
48.9
117.6
166.8
184.4
175.0
147.5
107.9
64.0
20.5
-20.9
-52.9
-68.4
-69.7
-61.3
-46.5
-29.7
-13.2
2.5
13.8
17.4
14.4
7.7
-1.5
-11.2
-19.4
-25.2
-26.0
-19.3
-6.6
9.0
26.2
43.1
57.4
67.9
71.5
65.0
50.2
30.4
7.6
-15.4
-37.1
-57.3
-73.4
-83.2
-87.0
-85.8
-81.2
-75.4
-67.4
-55.8
-40.3
-20.2
2.9
26.7
50.8
74.7
95.7
111.7
119.5
116.0
102.8
83.4
59.5
33.6
7.6
-17.6
-39.2
-54.3
-63.5
-67.8
-68.7
-68.0
-65.4
-60.1
-52.4
-42.3
-30.5
-18.0
-5.0
8.3
21.0
32.0
39.9
43.3
42.9
39.6
34.2
28.0
21.0
13.1
4.8
-3.3
-10.9
-17.6
-23.7
-29.6
-34.4
-36.8
-35.9
-30.4
-21.4
-10.4
2.0
14.8
26.9
37.2
44.1
45.7
42.8
36.8
28.6
19.6
10.3
0.8
-7.9
-14.9
-20.1
-23.8
-26.3
-28.3
-29.4
-29.2
-27.5
-24.0
-19.1
-13.4
-7.2
-1.1
4.8
10.5
15.2
18.6
20.8
21.8
22.3
23.3
23.7
22.3
18.7
12.2
3.6
-5.8
-16.3
-28.4
-39.3
-46.5
-47.3
-39.2
-23.9
-5.2
16.4
40.2
61.8
77.4
82.2
71.2
47.4
16.9
-18.3
-55.5
-89.4
-116.1
-129.0
-121.4
-97.0
-62.4
-21.0
22.8
64.4
100.8
125.7
132.8
124.7
106.2
80.4
51.4
22.0
-6.6
-30.3
-45.4
-52.7
-54.4
-51.9
-47.1
-41.4
-35.6
-31.4
-30.6
-32.6
-35.5
-39.4
-43.9
-46.7
-45.8
-39.0
-23.7
-2.0
22.3
48.6
75.9
99.8
116.7
121.6
109.7
83.9
50.5
11.4
-30.2
-69.2
-101.7
-121.2
-120.9
-104.2
-77.2
-43.1
-5.8
30.1
62.2
84.4
90.9
84.0
68.4
46.7
22.5
-1.3
-23.3
-39.6
-46.1
-44.4
-37.4
-26.7
-14.5
-2.8
7.4
13.5
13.0
7.0
-2.0
-13.0
-24.3
-34.1
-41.2
-43.2
-37.6
-25.8
-10.4
7.2
25.4
42.2
56.3
65.1
66.0
60.1
49.8
36.1
20.9
5.5
-9.0
-20.5
-27.2
-29.5
-28.9
-25.9
-21.4
-16.5
-12.1
-9.7
-10.5
-13.9
-18.5
-23.9
-30.0
-34.8
-36.8
-34.3
-25.0
-10.5
6.4
24.9
44.1
61.0
73.7
78.7
72.6
57.4
37.1
13.2
-11.8
-35.3
-55.6
-68.8
-71.2
-64.4
-51.8
-35.5
-18.6
-2.0
14.3
27.9
36.5
40.9
41.7
40.9
40.9
40.1
35.9
27.8
14.8
-2.1
-19.7
-39.1
-60.9
-80.3
-92.8
-93.8
-78.5
-50.1
-15.2
25.1
69.0
109.4
140.0
152.9
139.5
104.6
58.0
2.6
-57.0
-112.3
-157.3
-181.5
-174.2
-141.0
-92.6
-33.6
29.4
88.5
139.2
170.9
173.4
151.5
113.8
65.7
14.3
-35.4
-80.9
-114.4
-128.5
-125.7
-111.2
-88.6
-63.1
-36.9
-10.5
12.2
27.8
36.9
41.3
42.2
41.5
40.2
38.5
37.6
39.0
41.9
45.0
48.2
51.4
52.6
50.1
41.9
26.0
4.2
-20.0
-46.1
-72.8
-96.4
-113.8
-120.8
-112.9
-92.8
-65.4
-32.5
3.1
37.3
67.1
86.9
91.6
83.5
67.4
45.5
20.8
-3.3
-24.8
-38.9
-41.2
-33.7
-20.3
-3.0
15.1
31.7
45.7
53.5
51.7
42.0
27.1
9.4
-8.7
-25.7
-41.1
-52.6
-57.9
-57.7
-53.4
-46.3
-38.5
-29.9
-20.0
-9.6
1.0
11.3
20.7
29.3
37.3
43.9
48.3
49.6
46.7
40.3
31.6
21.7
11.8
1.9
-8.1
-17.6
-26.1
-33.2
-38.4
-42.6
-46.9
-49.3
-48.1
-41.7
-28.1
-9.3
11.5
33.6
55.8
75.2
89.6
95.0
87.4
69.4
45.1
17.1
-11.0
-37.7
-62.6
-82.2
-93.4
-97.2
-94.6
-88.8
-83.2
-75.6
-62.6
-43.6
-17.1
14.7
47.3
81.6
118.2
150.3
171.3
174.4
152.3
109.9
56.7
-4.8
-71.3
-133.2
-183.0
-209.3
-200.8
-163.4
-109.2
-43.0
28.6
96.2
153.6
188.6
188.7
160.0
113.5
55.2
-6.7
-65.4
-117.4
-152.4
-160.7
-146.2
-116.6
-77.5
-36.1
4.5
43.6
75.5
94.8
102.9
102.1
95.5
87.4
77.2
63.4
46.5
27.1
6.0
-14.9
-35.9
-56.9
-76.0
-91.3
-100.6
-101.5
-95.0
-83.4
-67.8
-50.3
-31.6
-12.0
7.0
23.8
38.4
50.5
60.5
69.3
75.8
79.1
78.2
72.2
62.1
49.2
34.4
18.6
2.7
-12.7
-26.2
-36.4
-43.6
-48.0
-50.5
-52.0
-51.9
-49.4
-44.1
-35.9
-25.3
-13.6
-1.1
12.1
24.4
34.6
40.7
41.2
36.8
29.4
19.7
9.0
-1.7
-11.5
-18.8
-21.7
-20.9
-17.7
-12.8
-7.5
-2.3
3.0
7.2
9.6
10.4
10.1
9.2
8.5
7.7
6.5
5.0
3.2
1.1
-0.9
-3.2
-6.1
-9.0
-10.8
-11.0
-8.9
-4.9
-0.1
5.5
12.1
18.0
22.0
22.4
17.5
8.6
-2.3
-14.7
-28.0
-39.8
-48.4
-51.2
-45.3
-32.6
-16.1
2.9
22.6
40.7
55.8
64.5
63.6
54.8
41.0
24.2
7.1
-9.3
-24.9
-37.2
-44.1
-46.3
-44.7
-41.3
-38.6
-35.1
-28.7
-19.2
-5.9
10.2
26.5
43.9
63.4
80.4
90.8
90.3
74.5
46.4
12.4
-26.5
-68.9
-107.6
-137.1
-149.5
-136.8
-103.7
-59.2
-6.2
50.8
104.1
147.7
171.8
166.5
136.9
92.6
38.2
-20.3
-75.8
-123.5
-153.7
-156.9
-137.3
-103.5
-59.8
-12.7
32.7
73.4
101.7
110.2
101.8
82.4
55.5
26.0
-2.8
-29.4
-48.8
-56.5
-53.9
-44.6
-30.6
-14.8
0.5
14.3
23.6
25.3
20.7
12.4
1.5
-10.5
-21.4
-29.5
-31.9
-25.8
-12.9
3.4
22.1
41.4
58.5
71.0
75.3
67.6
50.0
26.8
-0.2
-28.3
-54.6
-77.1
-91.6
-94.2
-86.5
-72.0
-52.6
-31.2
-9.7
11.0
28.0
38.6
43.4
44.0
41.4
37.4
32.6
27.3
22.8
20.2
19.3
19.1
19.5
20.1
20.0
18.2
13.9
5.8
-5.2
-17.1
-29.7
-42.4
-53.3
-60.6
-61.9
-54.8
-40.9
-23.3
-3.2
17.9
37.5
53.8
63.8
64.1
56.3
43.4
27.0
9.6
-7.3
-23.3
-35.9
-42.9
-44.8
-42.8
-38.5
-33.5
-27.7
-20.5
-12.2
-2.9
6.7
15.9
24.7
33.4
40.8
46.0
47.3
43.3
35.1
24.5
12.6
0.6
-10.7
-21.5
-30.3
-35.5
-37.9
-37.8
-37.0
-37.7
-37.6
-34.3
-26.9
-14.3
2.3
19.9
39.8
63.7
85.2
98.3
97.6
77.4
41.5
-1.3
-50.7
-105.5
-154.9
-189.6
-197.8
-167.7
-106.8
-30.2
58.1
152.0
237.4
303.3
332.4
307.2
237.5
142.2
29.2
-90.2
-202.1
-297.4
-357.5
-363.7
-324.6
-256.1
-167.8
-72.7
20.5
107.4
174.1
207.3
211.3
194.7
164.4
129.7
93.3
54.8
19.8
-6.5
-24.7
-36.3
-44.0
-51.3
-57.3
-60.3
-60.0
-56.2
-49.4
-40.6
-30.3
-18.6
-6.2
6.5
18.6
29.2
38.1
44.9
50.1
54.5
56.6
55.3
49.3
37.5
21.0
2.3
-17.9
-38.5
-57.6
-73.4
-83.5
-85.3
-79.9
-69.4
-55.3
-39.3
-22.5
-5.4
10.2
22.8
32.4
39.6
45.0
49.4
52.7
54.1
53.8
51.9
48.3
43.5
37.1
29.2
20.4
11.3
2.5
-5.6
-12.8
-19.4
-24.7
-28.3
-31.0
-33.9
-37.3
-42.2
-47.9
-52.9
-57.6
-62.4
-65.0
-63.3
-55.2
-38.2
-14.3
12.5
41.1
69.9
95.4
115.1
124.5
119.1
101.6
76.4
46.2
14.6
-16.2
-44.8
-67.2
-79.6
-83.1
-79.9
-72.3
-63.5
-53.2
-40.0
-24.8
-7.7
10.1
26.9
43.3
59.6
73.5
82.5
83.8
74.4
56.4
33.6
7.9
-18.4
-43.1
-65.3
-81.4
-88.1
-86.8
-79.4
-68.7
-58.2
-46.6
-31.5
-13.3
8.0
31.3
53.7
76.7
102.2
124.1
136.4
134.0
111.0
71.5
24.1
-30.3
-89.8
-144.6
-186.4
-204.3
-187.2
-141.4
-80.0
-6.7
72.9
147.0
206.8
237.9
226.0
178.5
110.4
28.1
-59.7
-141.7
-210.7
-251.7
-249.8
-212.2
-152.2
-77.5
1.8
77.7
145.8
194.2
211.2
201.2
172.6
131.8
87.0
41.8
-3.1
-41.4
-67.0
-81.2
-86.7
-86.5
-84.8
-81.4
-75.1
-67.0
-58.0
-48.2
-38.2
-27.4
-15.3
-2.7
9.5
20.5
29.5
36.3
41.4
44.9
47.2
48.0
47.0
44.3
40.0
34.2
27.5
19.8
11.3
2.7
-5.4
-12.1
-16.8
-19.6
-21.2
-21.4
-20.5
-19.1
-17.7
-17.1
-18.1
-20.3
-22.7
-25.2
-27.6
-29.0
-28.7
-25.6
-18.5
-8.3
3.3
15.7
27.8
38.6
47.4
52.4
52.1
47.4
39.5
29.7
19.5
9.1
-1.5
-11.3
-19.5
-26.1
-30.9
-34.5
-37.9
-39.9
-39.6
-36.0
-28.2
-17.1
-4.7
8.8
22.7
35.3
45.4
50.7
49.2
41.9
31.0
17.6
3.4
-10.5
-23.6
-34.1
-40.3
-42.6
-41.7
-38.5
-34.3
-29.0
-22.6
-15.2
-7.2
0.9
8.8
16.1
22.3
27.6
32.2
35.8
38.0
38.9
38.3
37.5
37.7
36.9
32.8
24.2
9.5
-9.8
-30.3
-52.5
-76.9
-98.2
-111.5
-111.6
-93.3
-59.9
-19.3
27.3
77.7
123.9
159.2
174.5
160.5
122.5
71.1
9.8
-56.0
-117.4
-168.1
-196.6
-191.9
-159.4
-110.2
-49.6
15.2
76.6
130.2
165.2
171.4
153.3
119.5
75.3
27.9
-18.1
-60.8
-92.9
-107.6
-107.1
-95.9
-77.7
-57.6
-36.9
-15.4
4.0
18.7
28.9
35.3
39.4
43.0
45.6
46.3
44.9
41.2
35.7
29.0
21.3
13.1
4.5
-4.3
-12.6
-20.0
-26.3
-31.1
-35.0
-38.3
-40.2
-39.9
-36.5
-29.2
-18.9
-7.2
5.3
17.9
29.3
38.8
44.4
44.7
40.3
32.8
23.4
13.7
4.0
-6.3
-16.1
-24.8
-32.3
-37.9
-42.6
-47.4
-50.5
-50.2
-45.0
-33.4
-16.7
2.2
22.9
44.6
64.4
79.8
87.3
83.5
70.3
51.3
28.1
2.7
-21.9
-43.6
-58.5
-62.8
-58.1
-47.7
-33.3
-17.2
-1.4
12.7
22.1
23.6
18.6
9.8
-1.3
-12.6
-22.8
-31.3
-36.0
-34.7
-28.4
-18.8
-7.5
3.3
13.6
23.6
32.3
38.7
43.0
44.9
45.5
46.1
45.4
41.8
34.4
21.9
5.7
-11.7
-30.0
-48.6
-64.9
-77.1
-82.0
-76.6
-62.7
-43.8
-21.7
1.1
22.8
42.6
57.5
64.5
64.8
59.8
51.7
43.0
33.2
21.2
7.4
-8.3
-24.7
-40.0
-54.7
-69.3
-81.0
-87.6
-85.9
-73.0
-51.3
-24.7
4.6
34.1
61.4
85.4
101.9
107.2
103.1
91.9
76.8
61.8
45.8
26.5
4.7
-19.3
-44.5
-67.8
-91.0
-116.2
-137.2
-147.9
-142.8
-115.9
-71.6
-19.1
40.1
103.7
161.9
206.4
226.0
209.2
162.5
98.8
22.7
-59.1
-135.9
-200.3
-238.7
-237.5
-203.2
-148.5
-79.6
-5.1
66.4
129.8
172.9
184.2
168.4
135.0
89.4
39.3
-9.7
-54.7
-87.4
-99.9
-95.1
-78.8
-54.4
-26.7
0.4
24.9
41.3
44.4
36.6
22.3
3.4
-17.7
-36.7
-50.7
-54.5
-43.1
-19.6
9.9
43.5
78.1
108.4
130.5
137.7
123.1
90.7
48.2
-0.8
-51.3
-98.3
-138.8
-165.6
-171.6
-160.0
-136.1
-104.2
-69.8
-34.7
0.8
32.8
57.7
75.7
87.6
95.6
102.7
106.9
105.6
97.7
81.9
59.8
34.8
7.0
-22.9
-51.2
-74.8
-89.4
-91.0
-81.4
-65.0
-43.3
-18.8
5.3
27.2
42.5
47.4
43.3
33.5
19.7
4.5
-10.3
-23.5
-32.2
-33.5
-28.7
-20.1
-8.8
3.4
14.9
24.6
30.4
30.2
24.8
16.5
5.9
-5.6
-16.5
-25.3
-29.9
-28.2
-21.2
-11.4
0.5
13.2
24.8
34.0
38.1
34.6
25.1
12.2
-2.9
-18.3
-32.3
-43.9
-50.7
-50.0
-43.2
-32.2
-18.7
-4.9
8.5
21.7
33.1
41.6
47.0
49.6
50.2
50.0
48.3
44.0
36.4
24.7
10.1
-5.6
-21.7
-37.2
-51.2
-62.7
-69.9
-70.8
-66.6
-58.5
-48.2
-38.0
-27.2
-14.4
-0.1
15.6
31.9
47.0
62.0
78.0
91.1
97.6
93.9
76.2
47.5
13.5
-24.9
-66.0
-103.7
-132.5
-145.4
-135.0
-105.3
-64.6
-15.9
36.9
86.8
128.5
153.6
153.2
131.4
96.6
52.2
3.4
-43.6
-84.7
-111.7
-116.8
-103.2
-78.2
-45.0
-8.1
27.2
57.5
75.8
75.2
58.9
33.5
1.9
-32.2
-63.4
-88.8
-101.5
-95.1
-73.1
-41.9
-4.6
34.6
70.9
101.4
119.6
119.1
103.1
77.2
44.7
10.2
-22.9
-52.9
-74.6
-82.9
-79.7
-68.7
-52.5
-34.7
-16.8
1.0
16.2
26.2
31.5
33.1
32.4
31.0
28.9
25.5
20.9
15.5
9.4
3.2
-3.1
-9.5
-15.7
-21.3
-25.7
-28.6
-30.0
-29.9
-28.9
-27.3
-24.9
-21.0
-15.4
-7.8
1.3
10.7
20.4
30.0
38.4
44.6
47.4
45.3
39.2
30.4
19.9
8.6
-2.6
-13.1
-21.6
-26.9
-29.2
-29.2
-27.5
-24.9
-21.6
-17.5
-13.0
-8.3
-3.7
0.7
4.6
7.8
10.5
13.0
15.1
16.6
17.6
17.9
18.2
19.6
20.3
18.8
14.1
5.0
-7.3
-20.7
-35.4
-52.0
-66.4
-75.1
-74.4
-60.4
-35.6
-5.6
28.7
66.1
100.2
125.7
135.7
123.2
92.1
50.8
1.9
-51.1
-100.5
-140.4
-161.6
-154.5
-124.1
-80.2
-26.8
30.5
84.3
129.5
156.2
154.3
128.7
88.8
39.4
-12.5
-61.5
-104.6
-133.3
-139.6
-126.7
-101.1
-67.4
-32.1
2.7
36.7
65.3
84.6
95.1
98.2
96.4
93.4
87.7
77.5
62.3
41.5
16.6
-9.5
-36.5
-63.6
-88.2
-108.3
-120.5
-121.7
-113.4
-98.3
-78.5
-56.9
-34.1
-10.2
12.8
33.3
50.8
65.1
77.0
87.9
95.9
99.1
95.7
84.1
65.9
44.0
19.4
-6.7
-31.6
-53.4
-68.9
-74.7
-72.2
-64.1
-51.9
-38.1
-23.6
-8.8
4.3
13.9
20.2
23.8
25.9
27.9
29.0
28.1
25.0
19.3
11.6
3.1
-6.4
-17.0
-26.9
-34.7
-38.7
-37.0
-30.7
-21.6
-10.2
2.7
15.3
25.9
32.3
32.2
26.7
18.3
7.4
-4.8
-16.3
-25.2
-29.0
-25.0
-14.7
-1.1
14.7
31.1
45.7
56.9
61.4
56.0
42.6
24.4
3.2
-18.6
-39.0
-56.8
-69.2
-73.1
-69.7
-61.1
-49.1
-36.1
-22.5
-8.2
5.4
17.1
26.8
34.3
40.4
46.1
50.3
52.0
50.3
44.5
35.2
24.1
11.8
-1.1
-13.4
-24.6
-32.9
-36.8
-36.9
-34.5
-30.6
-26.8
-22.8
-17.3
-11.0
-4.1
3.4
10.4
18.2
28.3
37.6
42.6
41.2
30.8
13.0
-7.6
-31.6
-59.3
-84.2
-100.4
-101.6
-81.1
-43.2
2.9
55.7
112.5
163.8
201.5
214.6
191.8
139.7
71.5
-8.3
-93.3
-172.2
-236.8
-273.0
-266.7
-224.9
-161.4
-82.8
2.1
83.4
154.8
202.7
214.0
194.3
154.5
100.8
41.7
-16.1
-68.5
-105.9
-118.4
-109.8
-87.5
-55.7
-20.3
13.9
44.5
64.7
68.0
57.2
37.9
12.8
-14.7
-39.9
-60.0
-69.4
-62.2
-41.7
-13.9
18.7
52.9
83.6
107.4
117.9
108.6
83.1
48.2
7.0
-36.0
-76.1
-110.7
-133.2
-137.5
-126.2
-104.5
-75.7
-44.7
-13.6
16.6
41.9
58.2
66.6
69.0
67.3
64.5
60.4
53.8
45.6
36.3
26.2
16.0
5.3
-6.7
-18.3
-28.0
-34.3
-35.8
-33.2
-28.1
-20.7
-11.4
-1.9
6.2
11.0
10.5
5.7
-1.4
-10.4
-20.7
-30.0
-36.6
-38.0
-31.6
-19.1
-3.4
14.6
33.8
51.1
64.1
69.3
62.9
47.2
26.2
1.6
-24.5
-48.7
-68.5
-79.6
-77.6
-64.8
-45.2
-21.2
4.1
28.2
49.6
64.5
69.1
64.9
54.6
40.5
25.4
10.3
-4.8
-18.0
-27.4
-33.3
-36.0
-36.8
-36.9
-35.9
-33.0
-27.9
-19.9
-10.1
0.4
10.8
20.6
29.2
36.5
41.3
42.3
40.2
35.7
30.4
26.6
22.4
15.2
4.4
-11.1
-29.8
-48.6
-68.8
-91.7
-111.2
-121.4
-116.6
-90.8
-48.4
1.4
57.5
117.7
172.0
211.9
226.0
202.6
148.7
78.2
-4.1
-91.2
-171.8
-237.8
-274.5
-267.4
-223.7
-157.6
-76.4
9.7
92.2
166.2
218.9
238.0
228.1
198.1
154.8
106.9
58.0
8.5
-35.0
-66.7
-87.4
-99.2
-105.1
-109.2
-110.7
-107.8
-100.6
-89.2
-74.4
-57.6
-39.0
-18.7
1.9
21.7
38.8
51.6
60.3
65.4
67.8
68.4
66.8
62.5
55.3
45.3
33.0
19.8
5.8
-8.5
-21.9
-33.5
-41.8
-45.2
-44.3
-40.5
-34.4
-27.5
-20.0
-11.6
-3.2
4.5
11.4
17.1
22.2
27.3
31.2
33.0
31.6
26.1
17.2
6.7
-5.0
-17.4
-28.9
-38.3
-43.9
-43.6
-38.5
-30.3
-19.9
-8.8
2.2
12.6
20.9
25.7
27.4
26.8
24.7
22.2
19.3
15.6
11.3
6.7
2.0
-2.5
-7.0
-11.8
-16.2
-19.3
-20.4
-18.5
-14.4
-9.0
-2.5
4.7
11.5
17.2
20.3
19.7
15.9
10.4
3.6
-3.9
-11.0
-16.9
-20.4
-20.1
-16.6
-11.3
-4.9
1.9
8.1
13.5
16.8
16.9
14.3
10.1
5.1
0.5
-3.8
-8.1
-11.6
-14.0
-15.3
-15.4
-15.5
-16.4
-17.0
-15.5
-11.4
-3.5
7.2
18.7
31.3
45.4
57.8
65.2
64.8
53.1
32.3
7.0
-22.0
-53.5
-82.3
-104.2
-113.5
-104.4
-80.2
-47.5
-8.3
34.5
74.6
107.3
125.1
120.4
97.1
63.1
21.3
-24.0
-66.6
-101.9
-121.8
-118.1
-94.9
-60.2
-17.8
27.1
68.9
104.5
126.1
126.2
108.4
79.1
42.4
3.7
-33.4
-67.6
-93.2
-105.1
-104.9
-95.9
-81.1
-64.2
-46.2
-26.8
-8.0
8.3
22.1
33.3
42.8
51.7
59.3
64.5
66.9
65.9
61.9
55.6
47.2
37.5
26.6
14.9
2.7
-9.3
-20.8
-31.3
-40.9
-49.5
-56.5
-61.3
-63.1
-61.5
-56.7
-49.5
-40.5
-30.4
-19.5
-8.3
2.7
13.0
22.1
30.0
36.8
42.5
46.8
49.4
50.1
48.3
44.6
39.2
32.7
25.6
17.9
9.6
0.8
-8.3
-17.3
-25.6
-33.4
-40.8
-46.7
-50.3
-50.6
-46.5
-38.9
-29.0
-17.4
-4.8
7.6
18.7
26.7
30.1
29.4
26.2
21.0
14.6
8.0
2.1
-1.8
-2.2
0.2
4.1
9.0
14.1
18.4
21.5
22.0
18.7
12.4
4.5
-4.4
-13.1
-20.9
-27.6
-32.0
-33.0
-31.1
-27.0
-21.7
-16.4
-11.0
-4.8
1.7
8.3
14.9
20.6
25.8
31.1
35.2
36.8
34.6
27.2
15.7
2.5
-11.9
-26.2
-39.1
-49.4
-54.8
-53.0
-45.2
-33.6
-20.0
-6.6
6.4
19.6
31.6
41.3
48.7
53.4
57.0
61.3
63.8
61.5
52.5
34.3
9.3
-18.2
-47.9
-79.3
-107.2
-126.8
-132.1
-117.2
-85.8
-45.5
1.1
50.1
95.5
133.0
154.6
152.6
130.7
96.3
53.4
7.8
-36.4
-77.2
-108.1
-123.2
-124.2
-115.0
-98.7
-79.7
-59.0
-36.3
-14.2
5.3
22.0
36.0
48.0
59.0
68.4
75.5
80.0
81.3
79.7
75.4
68.9
61.0
51.2
38.7
23.3
4.6
-16.2
-37.2
-57.8
-77.6
-94.5
-106.7
-111.8
-107.3
-94.8
-76.9
-55.2
-32.0
-8.6
14.2
34.1
48.9
58.8
64.6
67.4
68.7
68.0
64.3
57.4
46.9
33.8
19.5
4.4
-11.2
-25.8
-38.4
-47.0
-49.8
-47.6
-42.1
-34.4
-26.0
-17.3
-7.7
1.6
9.9
17.0
22.6
27.8
33.6
38.4
39.9
36.8
27.3
13.0
-3.3
-21.5
-41.3
-59.1
-71.9
-75.7
-66.5
-46.9
-21.7
7.3
37.8
65.9
88.7
100.9
97.3
80.6
56.0
26.5
-3.9
-32.6
-58.8
-77.9
-85.6
-83.7
-74.7
-62.0
-49.7
-36.8
-21.1
-3.6
15.3
34.8
52.5
70.1
89.9
106.5
114.4
109.0
85.1
46.6
1.6
-48.9
-102.8
-151.6
-188.1
-202.4
-184.5
-140.2
-81.1
-11.5
62.2
131.2
189.1
224.0
224.1
195.0
147.6
87.9
24.2
-37.4
-93.8
-135.5
-153.2
-150.3
-133.0
-106.5
-77.6
-47.9
-16.8
11.8
34.2
50.7
61.6
69.4
76.9
82.2
82.4
76.3
62.2
41.8
18.3
-7.6
-35.1
-60.9
-82.7
-96.7
-99.1
-91.5
-77.3
-58.2
-36.7
-14.6
7.0
25.3
37.5
44.3
47.1
46.8
44.9
42.0
38.2
34.5
31.9
30.2
28.6
27.1
25.6
23.1
19.1
12.7
3.0
-9.0
-21.7
-34.9
-48.0
-59.1
-66.7
-68.7
-62.8
-50.5
-34.4
-15.6
4.5
23.7
40.2
51.3
54.1
49.8
40.9
28.8
15.3
1.9
-10.5
-19.7
-23.3
-22.2
-18.0
-11.8
-5.0
1.5
7.7
12.0
13.5
12.4
9.6
5.9
2.1
-1.5
-4.8
-7.3
-8.5
-8.4
-7.5
-6.2
-4.8
-3.5
-2.0
-0.6
0.6
1.6
2.4
3.2
4.3
5.3
5.8
5.7
4.8
3.2
1.3
-1.0
-4.0
-6.8
-8.7
-9.1
-7.5
-4.0
0.2
5.3
11.2
16.5
20.1
20.6
16.7
9.1
-0.1
-10.8
-22.3
-32.7
-40.4
-42.8
-37.8
-26.7
-12.4
4.1
21.4
37.3
50.0
56.6
54.0
43.8
29.2
11.8
-5.9
-22.5
-37.4
-47.9
-51.4
-49.2
-42.6
-33.9
-25.6
-17.1
-6.9
4.5
16.9
29.6
41.0
52.5
65.3
75.9
80.5
76.0
59.0
32.0
0.5
-34.7
-72.3
-106.4
-131.9
-142.0
-129.7
-99.1
-58.3
-10.2
41.2
89.1
129.1
152.6
151.2
129.0
93.9
49.8
2.4
-43.2
-84.2
-113.1
-123.1
-116.7
-99.3
-74.1
-45.9
-17.6
9.8
31.6
43.8
47.5
45.6
39.5
31.7
23.9
16.7
12.6
13.8
19.3
26.7
35.3
43.8
50.3
53.3
50.2
38.5
20.0
-2.0
-26.2
-50.8
-73.0
-90.9
-101.0
-99.8
-89.1
-72.1
-50.5
-26.7
-3.0
19.2
37.0
47.1
50.6
49.5
45.0
38.8
31.9
25.0
19.8
18.1
19.1
21.4
24.4
27.0
28.5
28.3
25.2
17.9
7.4
-4.8
-17.7
-30.1
-41.1
-50.3
-56.4
-58.1
-55.9
-50.6
-43.4
-35.6
-27.0
-17.1
-6.5
4.8
16.3
26.9
37.1
46.9
55.1
60.3
61.2
56.2
46.5
33.9
19.3
3.6
-11.6
-25.3
-35.4
-40.0
-39.8
-36.4
-30.8
-24.5
-17.9
-10.8
-4.5
0.1
3.2
5.1
6.6
9.0
11.1
11.9
11.0
7.7
2.6
-3.1
-9.8
-17.9
-25.3
-29.8
-29.1
-21.1
-7.4
8.9
27.3
46.9
64.2
76.6
79.9
69.9
49.4
23.1
-6.8
-37.8
-66.2
-89.5
-102.7
-100.7
-86.1
-63.6
-36.4
-8.9
17.4
42.3
62.1
73.4
77.3
75.0
69.5
65.0
58.8
47.7
30.8
6.8
-22.2
-51.8
-82.7
-115.8
-144.3
-161.8
-161.5
-136.1
-90.6
-34.7
28.8
96.2
158.2
208.0
234.4
226.2
189.3
135.0
68.5
-3.0
-71.4
-131.9
-173.2
-184.6
-170.5
-139.8
-97.8
-51.7
-6.2
36.6
69.5
85.3
86.4
77.2
61.3
43.5
25.5
7.3
-7.9
-17.3
-21.5
-22.0
-20.2
-18.0
-15.9
-13.7
-12.1
-12.0
-13.1
-14.7
-16.4
-18.0
-18.6
-17.8
-14.9
-9.3
-1.4
7.4
17.0
26.9
35.7
42.3
45.4
43.3
37.1
28.1
17.1
4.6
-7.6
-18.3
-25.6
-27.6
-25.1
-20.0
-12.8
-4.4
3.7
10.0
12.5
8.8
0.4
-10.4
-22.5
-34.8
-45.2
-52.7
-54.5
-48.1
-35.1
-18.1
0.9
19.9
37.4
53.2
64.8
70.0
69.7
65.0
57.6
50.0
41.3
30.1
16.5
0.4
-17.3
-34.5
-51.7
-69.6
-84.8
-94.4
-95.2
-83.8
-62.6
-36.1
-5.7
26.7
57.0
82.3
97.2
96.8
83.5
62.4
36.0
7.9
-19.1
-43.7
-61.1
-67.0
-63.2
-52.8
-38.7
-24.6
-10.6
4.1
17.7
28.5
36.6
41.8
46.1
51.8
56.0
55.4
47.9
31.1
7.1
-19.4
-48.5
-80.1
-108.3
-127.7
-132.3
-115.3
-81.0
-37.5
12.8
66.7
116.5
156.7
177.9
171.1
141.0
97.1
43.4
-14.4
-69.3
-116.9
-147.8
-152.9
-136.2
-105.6
-65.6
-22.2
19.9
58.2
85.7
95.6
90.4
75.1
53.2
29.3
5.7
-16.7
-33.9
-42.1
-42.5
-37.5
-29.0
-19.3
-9.6
-0.5
6.3
9.1
8.3
5.3
0.7
-4.8
-9.8
-13.2
-13.7
-9.6
-2.0
7.2
17.8
29.3
39.4
45.8
45.9
37.1
21.1
1.6
-20.4
-43.5
-64.1
-79.8
-86.3
-79.3
-61.4
-37.0
-8.3
21.9
50.2
74.8
91.1
94.7
87.5
73.1
53.7
32.5
11.3
-9.5
-26.8
-38.1
-44.0
-45.7
-44.8
-42.9
-40.2
-36.1
-31.0
-25.6
-19.9
-14.2
-8.1
-1.3
5.7
11.7
16.3
18.6
18.9
18.0
15.9
12.7
9.2
6.2
4.5
5.2
7.7
11.0
14.9
19.3
22.9
24.8
23.8
18.8
10.5
0.4
-11.0
-23.1
-34.2
-43.0
-47.5
-46.2
-39.7
-30.1
-17.8
-3.5
10.6
22.4
29.7
30.0
24.5
15.8
4.2
-9.9
-23.1
-32.6
-35.1
-27.0
-10.5
9.9
33.6
59.4
82.3
98.3
101.9
87.4
58.4
21.8
-20.2
-64.3
-104.4
-136.2
-151.9
-143.9
-116.3
-77.1
-30.4
18.3
64.2
104.3
131.3
137.8
127.0
104.4
74.5
43.4
12.4
-19.1
-47.4
-69.2
-84.8
-94.1
-99.9
-105.7
-108.3
-103.9
-90.3
-64.9
-30.5
7.6
48.6
91.5
130.5
160.6
175.0
166.8
139.9
101.7
55.3
5.2
-43.3
-86.5
-117.2
-128.1
-122.0
-104.6
-79.3
-50.7
-21.8
6.0
27.9
39.4
41.8
38.1
30.2
20.7
11.1
2.0
-4.6
-6.5
-4.4
-0.1
5.8
12.2
17.7
21.0
20.6
14.5
3.9
-8.7
-22.7
-37.1
-49.5
-58.2
-60.1
-52.4
-37.0
-17.3
5.3
28.7
50.4
68.6
79.7
80.3
72.1
58.0
40.1
20.8
1.8
-16.4
-31.5
-40.9
-45.3
-45.8
-43.7
-41.0
-37.4
-32.0
-25.2
-17.2
-8.5
0.2
9.1
18.5
27.0
33.5
36.6
35.0
29.3
21.3
11.4
0.4
-10.4
-20.0
-26.8
-29.0
-27.3
-23.1
-16.9
-9.6
-2.1
4.8
9.8
11.5
10.6
8.2
4.5
0.1
-3.9
-6.7
-6.9
-3.0
3.9
12.1
21.2
30.3
37.9
42.9
43.4
37.3
26.0
11.7
-4.4
-20.7
-35.8
-49.0
-58.2
-61.4
-59.4
-53.5
-45.2
-36.1
-26.3
-15.3
-3.9
7.2
17.8
27.4
36.6
46.2
54.5
59.7
60.6
55.7
46.0
33.5
18.2
0.0
-17.8
-32.5
-41.1
-40.5
-32.3
-20.1
-4.2
15.0
32.7
45.1
47.3
34.2
8.8
-22.1
-57.2
-94.3
-126.9
-149.8
-155.2
-135.4
-95.1
-43.6
15.7
77.7
135.0
182.6
210.9
210.7
186.2
146.3
95.5
40.5
-13.6
-63.6
-101.7
-120.3
-121.8
-111.7
-93.5
-72.0
-49.6
-27.1
-8.6
2.1
6.1
5.6
2.3
-1.4
-4.4
-6.8
-6.8
-2.9
4.1
12.7
22.1
31.2
38.9
44.2
45.7
41.8
33.5
22.6
9.8
-3.7
-16.4
-27.3
-34.3
-35.4
-31.7
-24.9
-15.9
-6.0
3.6
12.2
17.9
19.1
16.6
11.6
5.2
-1.4
-7.5
-13.1
-17.0
-18.0
-16.7
-13.7
-9.9
-6.3
-2.7
1.2
5.3
9.4
13.3
16.5
19.7
23.1
25.8
26.7
24.6
18.7
9.7
-0.7
-12.2
-24.4
-35.4
-43.8
-47.3
-43.7
-34.4
-21.8
-6.8
9.2
24.3
37.1
44.9
45.2
39.1
29.1
16.4
3.0
-9.9
-21.6
-29.6
-32.0
-29.6
-24.1
-16.7
-9.1
-1.7
5.6
11.9
16.1
18.4
19.1
19.2
19.8
20.1
18.6
14.9
8.4
-0.3
-9.6
-19.8
-31.2
-41.4
-48.0
-48.7
-40.9
-26.3
-8.4
12.1
33.9
53.7
68.8
75.2
68.5
51.4
28.3
1.5
-26.2
-51.7
-73.3
-86.4
-86.4
-75.7
-57.9
-35.9
-13.7
7.9
29.3
47.8
61.2
69.9
73.8
75.5
77.5
77.4
71.9
59.4
37.8
9.3
-21.4
-54.3
-88.9
-119.8
-141.8
-148.8
-134.5
-102.7
-61.2
-12.8
38.7
86.9
127.4
152.1
152.7
133.2
100.9
60.0
15.9
-27.0
-66.4
-95.6
-108.4
-107.0
-95.6
-77.3
-56.7
-35.3
-13.2
6.5
21.0
30.7
36.6
39.9
42.1
43.4
43.5
42.8
41.6
39.9
37.5
34.6
31.5
27.4
21.3
12.7
0.8
-13.3
-27.9
-42.9
-58.1
-71.1
-79.5
-80.6
-71.7
-54.7
-33.2
-8.3
18.3
43.4
64.3
77.0
77.2
67.0
50.4
29.2
5.7
-17.0
-37.0
-50.5
-53.5
-47.7
-36.4
-21.1
-4.4
11.8
26.1
35.8
37.7
33.1
24.6
13.4
1.3
-10.1
-19.9
-25.9
-25.9
-20.9
-13.0
-3.1
7.1
16.4
24.3
29.0
28.6
24.1
16.9
8.1
-1.0
-9.8
-18.0
-24.4
-28.1
-29.3
-28.5
-26.2
-23.4
-20.0
-15.8
-10.8
-5.3
0.6
6.5
12.1
17.4
22.2
26.1
28.6
29.4
28.7
26.5
23.5
20.0
16.0
11.2
5.5
-1.2
-8.4
-15.3
-21.8
-27.6
-32.2
-35.2
-35.5
-32.3
-26.2
-18.4
-10.0
-2.5
4.5
11.8
18.9
25.3
30.9
35.1
39.3
45.4
50.0
49.8
42.5
25.5
0.9
-26.2
-56.5
-90.0
-119.8
-139.3
-141.5
-118.9
-76.5
-24.2
36.1
101.1
160.6
206.3
226.3
208.4
159.6
93.3
14.5
-69.9
-148.7
-213.9
-251.0
-245.9
-205.6
-143.9
-67.3
15.0
93.4
162.3
208.3
218.8
199.0
159.5
106.5
48.5
-8.4
-61.1
-100.2
-116.9
-114.4
-99.1
-75.1
-47.9
-21.2
3.5
21.0
25.9
20.3
8.4
-7.4
-23.8
-38.1
-49.2
-53.3
-46.6
-31.1
-10.7
12.7
36.3
57.7
75.6
86.5
87.0
78.8
64.6
46.5
27.2
8.0
-10.6
-26.4
-37.2
-43.4
-45.9
-46.0
-45.3
-43.5
-39.8
-34.4
-27.5
-19.5
-11.1
-2.1
7.6
16.8
24.4
29.2
29.9
27.1
22.1
15.4
7.4
-0.6
-7.7
-12.6
-13.7
-11.7
-7.8
-2.5
3.6
9.5
14.2
16.5
15.1
10.5
4.2
-3.3
-11.4
-18.8
-24.3
-26.3
-23.2
-15.8
-6.3
4.9
16.7
27.5
35.9
39.8
37.2
29.1
17.7
4.2
-10.1
-23.5
-35.0
-42.4
-43.6
-39.3
-31.6
-21.4
-10.3
0.7
11.0
18.9
22.9
23.4
21.6
17.9
13.4
8.7
4.2
0.8
-0.7
-0.5
0.7
2.8
5.7
8.3
9.8
9.3
5.8
0.0
-6.9
-14.8
-23.8
-31.9
-37.0
-37.1
-30.2
-17.5
-2.1
15.7
35.5
53.5
66.6
70.9
62.4
43.5
19.2
-9.5
-40.8
-69.6
-92.0
-102.2
-94.4
-71.6
-40.6
-3.4
36.7
74.1
104.6
121.0
116.3
94.1
61.6
21.7
-21.3
-62.0
-96.4
-117.4
-117.8
-101.0
-73.4
-38.4
-0.3
36.1
67.9
88.8
92.4
81.5
61.5
35.0
5.9
-22.1
-46.4
-62.1
-64.1
-54.5
-37.9
-16.2
7.7
30.2
49.0
59.6
57.6
45.2
26.7
3.9
-20.8
-43.7
-62.1
-71.3
-66.7
-50.7
-28.2
-1.2
27.7
54.3
75.9
87.5
83.7
67.4
43.6
14.6
-16.1
-45.1
-69.9
-85.8
-87.7
-77.9
-60.5
-38.1
-14.0
9.4
30.9
46.9
53.7
52.6
46.2
36.2
25.3
14.3
3.4
-5.6
-10.9
-13.1
-12.9
-11.5
-10.1
-8.7
-6.8
-4.7
-2.6
-0.6
1.0
2.5
4.3
6.0
6.9
6.5
4.3
0.8
-3.4
-7.8
-12.0
-15.6
-18.4
-19.8
-19.0
-16.3
-12.4
-7.8
-3.6
0.6
5.5
10.9
16.9
23.2
28.9
34.2
39.6
43.6
44.7
41.4
32.1
18.2
1.9
-15.9
-34.2
-50.9
-64.4
-71.8
-70.5
-61.8
-48.5
-31.8
-13.6
4.3
20.9
33.9
40.8
42.4
40.2
35.1
28.5
21.3
13.9
7.3
2.7
0.0
-1.5
-1.8
-0.9
0.0
0.1
-1.4
-5.2
-10.9
-17.0
-24.1
-32.4
-39.4
-42.5
-39.5
-27.9
-9.3
12.0
35.9
61.8
84.8
100.8
104.4
90.4
62.0
26.2
-15.1
-59.1
-99.5
-131.7
-148.0
-140.7
-114.0
-75.7
-29.6
19.5
65.8
105.8
131.6
135.8
121.5
95.2
60.9
23.8
-12.4
-46.4
-72.6
-86.0
-88.1
-81.9
-70.1
-55.9
-40.6
-24.4
-9.4
2.4
11.1
17.6
22.2
25.6
28.6
31.8
35.7
41.3
47.9
53.9
59.6
65.3
68.4
66.9
58.4
40.4
15.0
-13.7
-44.5
-76.1
-104.3
-125.9
-136.1
-129.9
-110.0
-81.8
-47.6
-10.6
25.2
57.5
81.0
90.6
88.3
78.0
61.9
43.4
24.5
6.2
-8.3
-15.8
-17.3
-14.7
-9.6
-3.9
1.6
6.5
9.3
8.5
4.8
-0.6
-7.0
-13.4
-19.0
-23.3
-25.1
-23.4
-18.9
-12.6
-5.1
2.8
10.2
16.4
20.2
20.3
17.3
12.5
6.5
0.0
-6.2
-11.6
-15.0
-15.3
-13.0
-9.2
-4.5
0.3
4.7
8.8
12.0
13.4
13.5
12.4
10.9
10.0
9.1
7.1
4.1
-0.3
-5.7
-11.1
-17.1
-24.2
-30.4
-33.8
-32.8
-25.3
-12.9
1.7
18.1
35.7
51.3
62.4
65.3
56.3
37.7
14.1
-12.6
-39.9
-64.7
-84.8
-95.6
-92.5
-78.0
-56.1
-30.1
-4.1
20.8
45.0
65.3
79.1
86.8
88.9
88.2
88.1
85.7
77.2
60.8
34.4
0.6
-35.2
-73.3
-113.5
-148.8
-173.0
-178.6
-157.7
-115.5
-61.7
0.2
65.7
126.5
176.7
205.6
202.9
173.6
127.7
70.5
9.4
-49.7
-103.8
-144.0
-162.0
-160.5
-145.0
-120.1
-91.7
-61.6
-30.0
-0.6
22.9
40.9
54.1
64.1
72.6
79.4
83.7
85.3
84.2
80.6
74.7
67.0
57.8
46.7
33.2
17.1
-1.9
-22.7
-43.4
-63.7
-83.4
-100.1
-111.7
-115.7
-109.7
-95.1
-75.0
-50.8
-24.2
2.3
26.9
46.3
57.6
61.5
60.4
55.4
47.9
39.6
31.1
24.5
21.8
22.3
24.3
27.3
30.3
32.1
31.8
27.9
18.7
5.4
-9.8
-26.1
-42.2
-56.4
-67.5
-73.2
-71.3
-63.0
-50.5
-35.1
-18.5
-2.0
13.7
26.4
34.3
37.9
38.2
36.4
33.6
30.1
25.7
21.1
16.9
13.2
9.8
6.5
2.7
-1.2
-4.6
-7.2
-8.7
-9.2
-9.3
-8.9
-8.3
-7.7
-7.2
-7.4
-8.9
-11.3
-13.8
-16.0
-16.7
-16.6
-16.6
-16.2
-15.5
-14.5
-12.9
-12.0
-13.2
-14.1
-11.9
-5.0
8.5
27.0
46.6
68.1
91.9
112.1
123.3
119.7
95.1
53.7
4.5
-50.8
-109.5
-162.6
-202.7
-219.4
-201.9
-156.4
-95.0
-22.6
54.2
126.1
186.6
223.3
223.8
194.0
145.0
83.5
17.9
-45.3
-103.3
-146.3
-164.8
-162.3
-144.7
-117.7
-88.2
-57.7
-25.1
5.8
31.6
52.3
67.9
80.6
93.3
103.4
107.5
103.5
89.3
66.7
39.9
9.5
-23.0
-54.0
-80.2
-96.9
-99.4
-89.8
-72.5
-49.5
-23.7
2.0
25.9
43.9
52.3
52.1
46.3
36.1
23.8
11.2
-0.8
-9.6
-12.9
-11.5
-7.6
-1.5
5.9
12.4
16.4
15.5
7.1
-7.0
-23.4
-41.6
-60.5
-76.4
-86.7
-87.3
-73.9
-49.3
-18.7
16.1
52.1
85.4
112.9
129.3
129.3
115.5
92.6
63.3
31.4
-0.2
-30.0
-53.4
-66.3
-70.1
-67.3
-59.9
-50.6
-40.5
-29.8
-20.7
-15.0
-12.2
-11.2
-11.3
-11.2
-10.5
-9.1
-6.4
-1.3
5.4
12.9
20.6
27.9
34.0
38.4
40.2
38.4
33.6
26.8
18.5
9.6
0.8
-7.5
-14.2
-18.4
-20.3
-20.5
-19.3
-17.1
-14.4
-11.5
-9.0
-7.4
-6.6
-6.2
-6.4
-7.3
-8.0
-7.7
-5.7
-1.3
5.1
12.0
19.5
28.0
35.1
39.1
38.0
29.4
15.0
-2.0
-21.0
-41.1
-59.1
-72.4
-77.2
-69.6
-52.0
-28.7
-1.6
26.6
52.9
75.1
88.8
89.5
79.4
62.2
40.6
18.1
-3.8
-24.9
-42.0
-52.3
-56.6
-56.0
-52.9
-50.1
-46.1
-39.1
-28.9
-15.1
1.4
18.2
35.9
55.5
73.0
84.4
85.9
73.4
49.6
20.3
-13.5
-50.0
-83.6
-109.7
-121.6
-112.7
-86.6
-50.9
-8.4
36.5
78.4
113.5
134.4
133.7
115.0
84.7
46.7
6.2
-33.1
-69.2
-96.4
-109.3
-109.5
-100.6
-85.1
-66.6
-46.8
-26.1
-7.1
7.7
18.6
26.6
32.1
35.6
38.4
41.5
46.1
53.3
62.2
70.7
79.0
87.5
92.7
91.5
80.5
56.0
21.2
-18.1
-60.7
-104.5
-143.6
-173.4
-187.0
-177.4
-148.7
-108.2
-59.4
-6.8
43.9
89.1
121.0
132.4
126.0
108.0
81.8
52.2
22.5
-5.7
-27.4
-37.5
-37.6
-31.3
-20.8
-9.6
1.1
11.3
18.4
20.1
17.4
11.6
4.3
-2.6
-8.8
-14.7
-19.4
-21.9
-22.7
-21.8
-20.1
-18.6
-16.7
-14.0
-10.1
-4.9
1.3
7.5
13.8
20.3
25.9
29.8
30.8
27.7
21.3
13.1
3.7
-6.0
-15.1
-23.0
-28.1
-29.2
-26.8
-22.1
-16.1
-10.1
-4.1
2.2
8.3
13.6
18.1
21.4
24.5
28.4
31.4
31.8
28.4
20.0
7.6
-6.4
-22.1
-39.6
-55.4
-66.4
-69.3
-60.6
-42.3
-19.1
8.1
38.1
65.8
87.4
97.3
89.8
68.1
38.7
3.3
-35.0
-70.7
-99.4
-114.1
-107.9
-84.5
-51.1
-10.9
31.9
71.7
105.1
124.6
123.0
103.8
73.7
36.5
-2.8
-40.2
-73.9
-97.8
-106.3
-101.6
-87.6
-67.8
-46.3
-24.5
-2.4
17.3
31.9
41.8
47.6
50.9
53.5
54.7
53.0
48.2
39.4
27.8
14.8
0.8
-13.6
-27.1
-38.7
-46.6
-49.0
-46.7
-41.0
-33.0
-24.4
-15.1
-4.9
5.6
15.8
25.3
33.4
40.5
47.1
51.9
53.6
50.7
41.8
28.0
11.7
-6.2
-24.3
-41.2
-56.0
-66.4
-70.4
-68.7
-62.8
-54.0
-44.2
-33.5
-21.0
-7.6
6.3
20.2
33.0
45.2
57.3
67.4
73.7
74.5
67.9
55.2
39.0
20.0
-0.4
-20.2
-37.6
-49.9
-54.4
-52.1
-45.3
-35.2
-23.5
-11.4
0.0
8.8
13.0
13.2
10.8
6.6
1.6
-3.2
-7.3
-9.4
-8.3
-4.7
0.4
6.5
12.9
18.5
22.5
23.5
20.1
13.2
4.4
-5.5
-16.0
-25.3
-32.6
-35.9
-33.2
-25.7
-15.4
-3.5
8.7
20.0
29.9
36.4
37.6
34.6
28.6
21.1
13.9
7.0
-0.8
-8.7
-16.0
-22.9
-28.4
-34.0
-41.1
-47.0
-48.7
-44.3
-31.5
-12.1
9.9
34.8
62.5
87.5
104.8
108.6
93.2
62.1
23.2
-22.1
-71.1
-116.0
-150.5
-165.3
-151.2
-113.3
-62.4
-2.2
62.0
121.4
170.3
197.4
191.7
158.8
109.4
49.0
-14.8
-75.4
-129.1
-165.9
-176.2
-164.0
-136.6
-99.4
-59.7
-20.1
18.8
51.7
73.4
85.0
88.4
86.9
84.7
80.4
71.8
58.9
41.2
20.2
-1.6
-24.4
-48.2
-70.0
-86.6
-94.5
-89.9
-74.9
-53.6
-27.8
0.1
27.2
51.9
70.1
78.1
77.2
70.0
58.3
44.4
29.6
14.2
0.1
-10.8
-18.7
-24.4
-28.5
-31.7
-34.3
-36.2
-38.0
-40.2
-42.3
-43.8
-44.4
-44.1
-42.0
-37.8
-30.4
-18.9
-4.4
11.4
27.8
43.4
57.4
68.9
76.4
78.3
75.3
68.4
58.8
48.1
36.3
22.9
8.4
-6.8
-22.2
-36.5
-49.9
-62.5
-72.9
-79.7
-81.3
-75.9
-64.8
-50.1
-32.9
-14.8
3.0
20.0
34.2
43.8
49.2
51.1
50.7
49.6
47.2
42.4
35.0
24.8
12.6
0.0
-13.3
-27.4
-40.1
-49.6
-53.5
-49.3
-38.6
-24.3
-7.5
10.3
27.0
41.2
49.7
49.4
41.9
30.0
15.5
1.2
-12.4
-25.3
-35.6
-41.3
-43.0
-41.4
-38.5
-36.7
-34.2
-28.2
-17.9
-2.2
17.7
38.1
60.0
84.0
104.7
117.1
115.9
95.6
59.8
16.5
-32.7
-85.5
-133.8
-171.1
-188.4
-176.0
-139.3
-88.7
-27.9
37.4
98.9
150.8
182.3
182.6
156.9
115.1
62.3
5.3
-49.4
-97.9
-130.8
-139.2
-126.7
-100.7
-65.7
-27.9
8.8
42.9
68.3
79.2
77.6
67.4
51.7
34.8
17.9
1.1
-12.9
-21.5
-25.5
-25.8
-24.0
-21.9
-19.6
-16.4
-12.9
-9.4
-6.0
-2.9
0.1
3.1
6.0
8.6
10.7
11.9
12.5
12.4
12.1
12.1
11.7
10.2
7.3
2.4
-3.8
-10.3
-17.3
-25.1
-31.7
-35.6
-35.0
-28.0
-15.8
-1.3
15.1
32.5
48.2
60.0
64.9
59.6
46.0
27.5
5.6
-17.6
-39.5
-58.2
-70.1
-71.7
-64.6
-51.8
-35.1
-16.6
1.6
18.5
31.4
37.5
37.8
34.3
28.1
20.9
13.8
6.9
1.9
0.3
1.4
4.2
7.8
11.0
13.4
15.2
15.4
13.4
9.5
4.3
-1.4
-6.7
-11.7
-16.8
-21.7
-26.4
-30.6
-33.8
-36.3
-38.2
-38.8
-37.3
-32.7
-24.2
-12.6
0.4
14.2
27.7
39.9
50.4
57.6
60.2
58.7
53.9
46.9
39.3
30.6
20.5
9.0
-3.7
-17.0
-29.5
-41.3
-52.5
-61.5
-67.3
-67.8
-61.3
-49.1
-33.7
-16.5
0.4
16.5
31.6
43.9
51.6
55.3
55.3
53.8
53.6
51.9
45.8
34.0
14.9
-9.7
-35.5
-63.5
-94.7
-122.1
-139.1
-139.2
-115.3
-72.2
-19.7
40.5
105.6
165.2
210.5
229.6
210.3
159.5
91.1
10.0
-76.9
-158.0
-224.6
-262.1
-255.5
-212.2
-146.8
-66.0
20.8
103.5
175.6
223.2
232.8
210.0
166.4
108.5
45.3
-16.5
-73.3
-115.1
-132.1
-127.8
-109.5
-81.5
-50.0
-19.0
9.8
30.5
37.4
32.6
20.6
3.9
-14.0
-30.2
-43.1
-48.9
-43.5
-29.0
-9.4
13.5
36.9
58.0
74.9
83.6
80.3
66.9
47.5
24.0
-0.6
-24.0
-44.8
-59.3
-64.0
-60.5
-51.3
-38.5
-24.7
-11.0
2.9
14.8
23.1
28.0
30.2
30.8
31.4
31.2
29.0
24.2
16.5
6.4
-4.3
-15.9
-28.3
-39.6
-48.0
-51.1
-47.0
-36.7
-23.1
-6.9
10.6
27.1
41.1
49.6
49.8
43.1
32.2
18.2
3.1
-11.4
-24.2
-33.0
-35.1
-31.7
-24.6
-15.3
-5.4
4.2
13.0
19.5
22.2
21.5
18.5
14.1
9.6
5.2
0.4
-3.9
-7.5
-10.3
-12.1
-13.6
-15.2
-16.3
-16.4
-14.9
-11.3
-6.1
-0.3
6.0
12.5
18.4
23.1
25.2
23.7
19.4
13.3
6.2
-0.9
-7.6
-13.8
-18.5
-20.6
-20.5
-19.0
-16.9
-15.6
-14.1
-11.3
-7.0
-0.9
6.7
14.2
22.9
33.6
43.3
48.6
46.9
35.5
16.1
-6.5
-32.5
-61.8
-88.3
-106.2
-109.5
-91.3
-56.0
-12.2
38.4
92.9
142.5
179.9
195.0
177.1
132.2
72.4
1.9
-73.4
-143.4
-201.0
-233.7
-228.8
-192.7
-137.4
-69.0
4.4
74.5
136.1
177.7
187.8
171.2
137.2
91.3
41.3
-7.8
-53.4
-87.7
-103.1
-102.1
-89.9
-69.9
-47.0
-23.8
-1.4
16.3
25.4
27.0
23.9
17.3
9.0
1.3
-4.2
-4.9
2.0
14.8
30.0
47.1
64.8
79.6
88.2
86.6
70.4
42.5
8.6
-29.4
-68.9
-104.8
-133.4
-148.5
-143.9
-122.9
-91.6
-53.3
-12.0
27.9
63.9
90.1
100.7
97.9
85.9
67.8
47.3
26.5
6.0
-10.8
-20.6
-24.4
-23.9
-20.8
-17.4
-13.9
-9.7
-5.8
-2.8
-0.8
0.3
1.2
2.6
4.1
5.0
5.0
3.7
1.3
-1.5
-4.7
-8.0
-11.1
-13.5
-14.6
-13.7
-11.1
-7.4
-3.1
1.5
6.0
10.1
13.3
15.3
15.9
15.6
14.6
13.0
11.1
8.8
6.4
4.2
2.1
-0.1
-2.3
-4.6
-6.9
-9.3
-11.8
-14.7
-17.7
-20.3
-22.1
-22.6
-22.1
-21.0
-19.2
-16.4
-13.0
-8.8
-5.1
-3.1
-1.2
2.8
9.6
20.5
34.5
48.6
63.7
80.5
94.4
100.7
95.2
73.0
37.5
-3.9
-50.2
-99.3
-143.6
-176.7
-190.0
-174.4
-135.2
-82.7
-20.6
45.7
107.9
160.1
191.3
191.0
164.2
120.9
66.5
8.0
-48.3
-98.7
-134.0
-145.3
-135.9
-112.9
-80.8
-46.0
-11.6
21.7
48.4
63.7
68.8
66.4
59.4
51.3
42.5
32.1
21.6
12.1
3.7
-3.4
-10.0
-17.0
-23.5
-28.5
-31.3
-31.1
-28.3
-23.9
-18.0
-11.2
-4.0
3.1
9.3
13.8
16.7
18.3
18.7
18.1
16.8
15.0
12.8
10.5
8.3
5.8
3.5
1.9
0.1
-2.6
-6.9
-13.4
-21.4
-29.4
-37.7
-46.2
-52.9
-55.9
-52.8
-41.4
-23.4
-2.2
21.3
45.9
68.2
85.9
95.2
92.2
78.8
59.1
34.8
8.4
-17.3
-40.4
-56.9
-63.2
-60.6
-52.2
-39.6
-25.1
-10.5
3.0
12.7
16.1
14.1
8.9
1.4
-6.8
-14.3
-20.3
-23.0
-20.5
-13.6
-4.4
6.3
17.4
27.4
35.5
39.6
38.1
31.8
22.7
11.6
-0.1
-11.2
-20.9
-27.6
-29.3
-26.9
-21.8
-15.2
-8.5
-2.0
4.3
9.3
11.7
12.1
11.0
9.5
9.0
8.6
6.9
3.6
-1.5
-8.2
-14.9
-22.6
-32.3
-40.8
-45.0
-42.3
-29.7
-9.3
14.3
41.1
70.5
96.8
114.8
118.5
101.4
67.7
25.4
-23.3
-75.2
-122.7
-159.8
-177.2
-165.3
-129.4
-79.9
-20.9
41.3
99.4
148.7
179.1
180.6
157.8
119.5
71.2
20.3
-28.9
-75.0
-110.7
-129.3
-132.9
-125.1
-110.2
-94.0
-75.9
-53.9
-29.4
-3.4
23.0
47.5
71.2
95.4
116.2
129.8
132.2
119.3
93.9
61.5
24.1
-15.6
-53.3
-86.3
-108.9
-115.5
-108.5
-92.2
-69.8
-45.1
-20.0
5.2
27.3
43.3
53.5
58.7
60.8
61.9
61.1
56.9
48.9
36.6
20.9
3.8
-14.2
-32.7
-49.9
-64.4
-73.9
-76.3
-72.5
-64.1
-52.7
-39.9
-26.2
-11.5
3.0
16.4
28.3
38.3
47.2
55.4
62.0
65.5
64.8
58.9
48.6
35.8
21.0
4.9
-10.9
-25.1
-35.8
-41.0
-41.3
-38.4
-33.1
-26.3
-19.1
-11.9
-6.1
-2.9
-2.0
-2.5
-3.8
-5.3
-6.4
-7.1
-6.7
-4.5
-0.9
3.4
8.0
12.4
16.2
19.2
20.8
20.5
18.6
15.5
11.8
7.9
4.0
0.0
-3.6
-6.6
-9.0
-10.8
-12.3
-13.8
-15.0
-15.2
-14.4
-12.1
-8.6
-4.7
-0.1
5.2
10.2
14.0
15.7
14.1
10.0
4.6
-1.8
-9.0
-15.6
-20.4
-21.8
-18.0
-10.3
-0.5
10.5
21.7
31.6
39.4
42.9
39.9
31.8
20.6
7.8
-4.6
-16.2
-27.2
-36.0
-41.2
-43.3
-42.7
-41.0
-40.4
-39.0
-34.1
-25.0
-10.4
8.5
28.2
49.5
73.1
93.7
106.4
106.1
87.4
54.0
13.4
-32.9
-82.6
-127.9
-162.4
-177.1
-162.7
-124.5
-72.8
-11.4
54.4
115.9
167.4
197.8
196.4
168.4
123.9
68.0
7.5
-50.7
-102.4
-137.8
-147.7
-135.7
-109.6
-73.9
-34.5
4.0
39.3
64.7
73.9
69.1
55.2
35.3
13.3
-7.8
-26.8
-39.4
-41.6
-35.1
-23.2
-7.9
8.5
23.5
35.7
42.0
39.1
28.7
14.0
-3.4
-21.4
-37.6
-50.8
-57.6
-55.1
-44.8
-29.6
-11.3
7.6
25.5
41.7
53.6
58.8
58.0
52.8
44.7
35.6
25.8
15.1
4.3
-5.6
-14.6
-22.4
-29.2
-35.6
-41.0
-44.5
-45.6
-43.5
-38.8
-32.2
-24.3
-15.7
-6.8
2.1
10.2
16.9
22.1
25.9
28.6
30.6
31.6
31.2
29.1
25.1
19.7
13.4
6.6
-0.2
-6.8
-12.9
-17.7
-20.8
-22.3
-22.2
-21.3
-19.9
-17.9
-14.8
-10.3
-4.4
2.6
9.7
16.8
23.6
29.3
33.2
34.1
31.0
24.6
16.1
6.4
-3.2
-12.3
-21.2
-28.7
-34.2
-37.7
-39.1
-39.3
-39.5
-38.4
-34.8
-27.8
-16.5
-1.9
13.6
29.8
46.0
60.2
70.5
74.1
68.0
54.2
35.9
14.9
-6.3
-26.3
-44.5
-57.9
-64.0
-63.7
-58.6
-50.9
-43.6
-35.5
-24.3
-10.0
7.7
27.8
47.2
67.1
88.8
107.1
117.1
114.1
92.8
57.0
14.1
-34.3
-85.8
-133.0
-169.7
-186.9
-175.6
-140.8
-92.3
-34.1
28.3
87.4
137.8
169.6
172.8
151.9
115.9
69.4
19.1
-29.6
-73.7
-105.2
-116.2
-109.8
-91.7
-65.9
-37.5
-9.5
17.4
38.3
49.1
51.0
46.7
38.4
29.1
19.8
10.5
3.1
-0.5
-0.9
0.7
3.5
6.1
8.2
9.4
9.0
6.1
1.1
-4.9
-11.5
-18.0
-23.7
-28.0
-30.0
-28.8
-25.0
-19.4
-12.5
-5.1
2.1
8.7
13.8
16.5
17.1
16.2
14.2
11.5
8.8
6.0
3.7
2.6
2.4
